METEOROLOGICAL	DATA	-	CHACALTAYA	GAW	STATION	16	21	S,	68	8	W,	5380	masl,	Bolivia						
Please	cite	the	SENAMHI	(Servicio	Nacional	de	Meteorologia	e	Hidrologia,	Bolivia)	and	the	LFA	(Laboratorio	de	Fisica	de	la	Atm??sfera)	UMSA
Contact	:	Marcos	Andrade	-	mandrade	AT	atmos.umd.edu,	Isabel	Moreno	-	caisa.moreno	AT	chacaltaya.edu.bo							
File	version	5																		
																				
Local	Time	(UTC-4)																		
WS	=	Horizontal	wind	speed	(m/s)															
WD	=	Horizontal	wind	direction	(Deg)															
WDstdv	=	Standard	deviation	of	horizontal	wind	direction	(Deg)												
Tair	=	Avg	Air	temperature	(Deg	C)														
RH	=	Avg	Relative	humidity(%)																
Pbar	=	Smp	Barometric	pressure	(mbar)															
																				
Missing/bad	data	filled	with	-999.9																
																				
	YYYY	MM	DD	HH	mm	WS	WD	WDstdv	Tair	RH	Pbar									
	2018	1	1	0	0	0.54	81.1	58.7	0.60	38.97	535.0									
	2018	1	1	0	15	2.30	195.5	9.9	0.10	50.23	535.0									
	2018	1	1	0	30	3.17	208.9	15.5	-1.19	90.50	535.0									
	2018	1	1	0	45	3.87	213.8	8.7	-1.33	91.40	535.0									
	2018	1	1	1	0	2.94	226.6	14.7	-0.99	85.20	534.2									
	2018	1	1	1	15	3.39	231.5	10.9	-1.41	95.50	534.2									
	2018	1	1	1	30	3.50	226.3	6.1	-1.72	97.50	534.2									
	2018	1	1	1	45	4.37	227.5	5.8	-1.58	97.20	534.2									
	2018	1	1	2	0	3.27	226.1	8.7	-1.64	98.20	533.8									
	2018	1	1	2	15	4.17	218.1	4.6	-1.74	98.40	533.8									
	2018	1	1	2	30	3.52	212.3	11.7	-1.88	98.40	533.8									
	2018	1	1	2	45	2.13	220.6	17.0	-1.81	82.60	533.8									
	2018	1	1	3	0	2.16	227.9	5.9	-1.44	78.77	533.5									
	2018	1	1	3	15	2.28	220.8	11.9	-1.44	83.40	533.5									
	2018	1	1	3	30	2.31	193.1	13.4	-0.92	61.23	533.5									
	2018	1	1	3	45	2.28	167.2	17.6	-0.96	64.13	533.5									
	2018	1	1	4	0	3.13	149.2	2.8	-1.26	70.30	533.3									
	2018	1	1	4	15	2.87	138.6	3.8	-1.24	63.84	533.3									
	2018	1	1	4	30	1.43	121.7	11.5	-0.90	50.06	533.3									
	2018	1	1	4	45	1.21	167.6	21.2	-0.48	49.39	533.3									
	2018	1	1	5	0	2.27	214.1	13.8	-0.38	50.63	533.2									
	2018	1	1	5	15	2.15	207.6	7.4	-0.56	51.53	533.2									
	2018	1	1	7	0	0.93	80.6	2.6	-0.26	46.05	533.8									
	2018	1	1	7	15	1.12	88.0	26.4	-0.05	45.14	533.8									
	2018	1	1	7	30	0.66	126.9	11.6	0.44	44.07	533.8									
	2018	1	1	7	45	0.98	103.6	13.9	0.59	47.85	533.8									
	2018	1	1	8	0	0.36	79.4	43.9	1.21	47.37	534.5									
	2018	1	1	8	15	1.14	125.4	37.0	1.95	43.42	534.5									
	2018	1	1	8	30	2.42	116.8	21.2	1.06	52.76	534.5									
	2018	1	1	8	45	1.78	89.2	53.3	0.43	62.99	534.5									
	2018	1	1	9	0	0.87	59.5	65.9	-0.01	72.42	534.8									
	2018	1	1	9	15	0.94	172.1	86.3	0.17	71.71	534.8									
	2018	1	1	9	30	1.04	74.7	86.0	0.79	71.81	534.8									
	2018	1	1	9	45	1.21	111.9	61.5	0.47	73.42	534.8									
	2018	1	1	10	0	0.65	60.3	84.6	0.97	73.81	535.2									
	2018	1	1	10	15	1.57	6.6	65.1	0.88	75.57	535.2									
	2018	1	1	10	30	0.75	354.4	79.8	0.92	74.81	535.2									
	2018	1	1	10	45	0.86	19.9	44.3	1.35	71.23	535.2									
	2018	1	1	11	0	0.56	283.0	68.8	1.42	72.42	535.2									
	2018	1	1	11	15	0.89	320.2	68.2	1.99	69.34	535.2									
	2018	1	1	11	30	1.93	17.7	34.6	2.00	54.54	535.2									
	2018	1	1	11	45	2.59	18.2	45.6	3.12	55.46	535.2									
	2018	1	1	12	0	2.60	70.5	71.9	3.14	60.69	535.0									
	2018	1	1	12	15	1.75	43.5	73.0	2.83	66.07	535.0									
	2018	1	1	12	30	2.04	20.6	96.1	2.41	77.52	535.0									
	2018	1	1	12	45	1.67	203.9	62.9	1.59	86.10	535.0									
	2018	1	1	13	0	1.96	118.2	81.9	1.04	88.70	534.7									
	2018	1	1	13	15	2.14	17.0	35.0	-0.33	86.60	534.7									
	2018	1	1	13	30	2.82	138.0	49.5	-0.37	89.70	534.7									
	2018	1	1	13	45	2.65	205.4	30.5	-0.05	92.90	534.7									
	2018	1	1	14	0	1.59	149.8	26.1	-0.45	93.30	534.2									
	2018	1	1	14	15	2.14	162.5	42.4	-0.49	91.20	534.2									
	2018	1	1	14	30	3.55	200.8	14.2	-0.16	80.40	534.2									
	2018	1	1	14	45	2.51	135.9	20.1	-0.12	80.60	534.2									
	2018	1	1	15	0	3.26	78.2	22.8	-0.69	86.20	533.7									
	2018	1	1	15	15	3.42	58.2	6.2	-1.00	86.80	533.7									
	2018	1	1	15	30	1.52	6.4	41.0	-0.36	81.90	533.7									
	2018	1	1	15	45	2.80	298.7	21.0	-0.48	86.50	533.7									
	2018	1	1	16	0	4.89	237.0	13.1	-0.59	86.00	533.3									
	2018	1	1	16	15	4.57	239.3	14.1	-0.66	85.40	533.3									
	2018	1	1	16	30	2.71	262.3	43.5	0.30	70.11	533.3									
	2018	1	1	16	45	2.38	104.8	96.1	0.93	63.82	533.3									
	2018	1	1	17	0	2.23	136.6	72.5	1.33	58.38	532.8									
	2018	1	2	14	45	4.03	226.1	15.0	0.16	96.00	-999.9									
	2018	1	2	15	0	4.07	232.6	15.9	0.14	93.30	533.0									
	2018	1	2	15	15	3.79	237.3	12.6	0.68	90.80	533.0									
	2018	1	2	15	30	3.74	242.8	19.0	0.70	87.60	533.0									
	2018	1	2	15	45	3.49	250.3	42.2	1.16	89.00	533.0									
	2018	1	2	16	0	2.89	256.3	21.1	0.86	91.50	532.7									
	2018	1	2	16	15	1.72	290.1	55.9	0.77	91.70	532.7									
	2018	1	2	16	30	2.43	279.0	45.0	0.56	92.50	532.7									
	2018	1	3	9	30	2.67	121.2	32.0	-1.61	96.80	-999.9									
	2018	1	3	9	45	1.75	132.7	18.3	-1.23	96.00	-999.9									
	2018	1	3	10	0	2.87	131.7	30.0	-0.81	94.70	534.7									
	2018	1	3	10	15	2.03	132.5	34.1	-0.52	93.30	534.7									
	2018	1	3	10	30	2.65	102.6	29.5	-1.07	95.60	-999.9									
	2018	1	3	10	45	3.24	103.9	15.2	-1.42	96.90	-999.9									
	2018	1	3	11	0	2.63	112.5	22.0	-1.29	96.70	534.5									
	2018	1	3	11	15	3.93	87.7	14.9	-1.53	94.20	534.5									
	2018	1	3	11	30	2.98	102.8	28.1	-1.19	92.10	534.5									
	2018	1	3	11	45	3.10	84.9	23.4	-0.98	93.10	534.5									
	2018	1	3	12	0	3.83	92.4	19.7	-0.87	95.20	534.3									
	2018	1	3	12	15	3.67	51.0	14.1	-0.60	92.40	534.3									
	2018	1	3	12	30	3.66	61.6	23.6	0.03	90.10	534.3									
	2018	1	3	12	45	2.94	79.8	26.4	0.25	90.60	534.3									
	2018	1	3	13	0	2.96	89.2	28.9	-0.22	96.90	534.2									
	2018	1	3	13	15	2.38	44.0	41.0	-0.57	98.30	534.2									
	2018	1	3	13	30	1.79	326.0	43.1	0.01	97.20	534.2									
	2018	1	3	13	45	1.39	7.5	53.9	-0.03	97.00	534.2									
	2018	1	3	14	0	1.36	344.8	29.0	-0.24	97.80	533.8									
	2018	1	3	14	15	1.35	308.2	63.9	-0.24	98.10	533.8									
	2018	1	3	14	30	2.40	16.6	20.7	-0.62	98.20	533.8									
	2018	1	3	14	45	3.60	33.7	28.6	-0.72	98.70	533.8									
	2018	1	3	15	0	4.28	79.0	9.2	-0.50	99.00	533.3									
	2018	1	3	15	15	4.75	76.5	11.3	-0.63	99.10	533.3									
	2018	1	3	15	30	3.07	49.4	17.8	-1.17	99.20	533.3									
	2018	1	3	15	45	2.43	40.7	14.2	-1.40	99.00	533.3									
	2018	1	3	16	0	2.64	31.3	6.9	-1.45	98.70	533.0									
	2018	1	3	16	15	2.04	355.9	15.8	-1.48	98.60	533.0									
	2018	1	3	16	30	1.41	9.4	25.2	-1.32	98.20	533.0									
	2018	1	3	16	45	0.21	74.6	48.6	-0.46	98.10	533.0									
	2018	1	3	17	0	1.02	150.4	44.8	-0.12	97.90	532.8									
	2018	1	3	17	15	1.33	58.8	83.5	0.01	98.60	532.8									
	2018	1	3	17	30	1.14	52.1	90.4	-0.30	98.80	532.8									
	2018	1	3	17	45	1.42	261.1	30.4	0.84	98.30	532.8									
	2018	1	3	18	0	2.64	231.3	14.3	0.28	98.60	533.0									
	2018	1	3	18	15	1.19	258.6	31.5	0.20	98.50	533.0									
	2018	1	3	18	30	1.94	235.7	23.0	0.02	98.60	533.0									
	2018	1	3	18	45	1.21	256.0	46.0	0.42	98.50	533.0									
	2018	1	3	19	0	0.72	214.0	60.8	-0.31	98.00	533.3									
	2018	1	4	7	15	1.23	90.6	0.0	-3.34	97.60	-999.9									
	2018	1	4	7	30	-999.90	-999.9	-999.9	-2.93	97.00	-999.9									
	2018	1	4	7	45	-999.90	-999.9	-999.9	-2.48	96.90	-999.9									
	2018	1	4	8	0	1.98	106.1	14.6	-2.56	96.90	534.7									
	2018	1	4	8	15	1.46	130.7	26.4	-2.07	97.60	534.7									
	2018	1	4	8	30	0.74	192.6	51.7	-1.66	97.10	534.7									
	2018	1	4	8	45	1.41	146.4	38.9	-0.91	94.90	534.7									
	2018	1	4	9	0	2.22	118.9	26.5	-1.20	92.50	535.2									
	2018	1	4	9	15	2.21	106.3	14.1	-0.88	91.00	535.2									
	2018	1	4	9	30	2.22	147.1	32.3	0.07	86.90	535.2									
	2018	1	4	9	45	2.88	122.6	44.0	-0.21	85.10	535.2									
	2018	1	4	10	0	2.84	97.8	31.7	0.28	82.40	535.4									
	2018	1	4	10	15	3.10	124.5	22.4	0.63	82.80	535.4									
	2018	1	4	10	30	3.70	112.5	16.1	1.33	83.30	535.4									
	2018	1	4	10	45	3.87	104.7	25.8	0.74	82.20	535.4									
	2018	1	4	11	0	6.10	93.9	18.8	1.15	74.03	535.5									
	2018	1	4	11	15	8.14	86.9	12.2	0.84	63.79	535.5									
	2018	1	4	11	30	7.64	86.2	10.0	1.39	58.20	535.5									
	2018	1	4	11	45	7.76	88.6	9.8	1.44	60.51	535.5									
	2018	1	4	12	0	7.59	78.5	15.8	2.22	60.96	535.2									
	2018	1	4	12	15	7.53	81.6	18.7	2.27	60.66	535.2									
	2018	1	4	12	30	7.42	78.9	15.7	2.13	58.58	535.2									
	2018	1	4	12	45	7.04	61.3	17.4	2.66	60.96	535.2									
	2018	1	4	13	0	6.05	62.0	21.4	2.94	60.28	534.9									
	2018	1	4	13	15	6.01	61.1	21.5	2.90	59.91	534.9									
	2018	1	4	13	30	6.57	47.2	15.4	2.43	57.10	534.9									
	2018	1	4	13	45	6.18	66.2	17.4	2.88	55.78	534.9									
	2018	1	4	14	0	5.51	52.6	17.6	3.18	50.75	534.6									
	2018	1	4	14	15	5.85	52.5	16.8	3.14	44.48	534.6									
	2018	1	4	14	30	5.23	50.3	21.5	3.49	44.62	534.6									
	2018	1	4	14	45	5.83	51.1	17.5	3.36	41.24	534.6									
	2018	1	4	15	0	4.99	43.8	16.4	3.40	40.22	534.3									
	2018	1	4	15	15	5.82	67.0	24.6	3.60	41.19	534.3									
	2018	1	4	15	30	5.30	60.2	22.3	3.60	43.80	534.3									
	2018	1	4	15	45	5.32	64.2	20.7	3.08	43.37	534.3									
	2018	1	4	16	0	4.89	54.3	23.8	2.29	44.57	533.7									
	2018	1	4	16	15	4.88	54.0	18.9	1.80	45.91	533.7									
	2018	1	4	16	30	4.60	38.9	13.3	1.51	44.23	533.7									
	2018	1	4	16	45	4.88	51.1	17.0	1.59	43.71	533.7									
	2018	1	4	17	0	5.07	54.6	20.4	1.84	41.49	533.5									
	2018	1	4	17	15	4.59	41.2	20.1	1.52	37.45	533.5									
	2018	1	4	17	30	6.22	39.4	16.9	0.71	32.48	533.5									
	2018	1	4	17	45	7.28	31.9	7.4	0.73	29.58	533.5									
	2018	1	4	18	0	6.88	42.3	7.2	0.88	29.64	533.5									
	2018	1	4	18	15	4.72	72.3	13.3	0.68	29.50	533.5									
	2018	1	4	18	30	4.00	82.0	14.0	0.58	34.01	533.5									
	2018	1	4	18	45	4.23	93.3	9.5	0.22	32.12	533.5									
	2018	1	4	19	0	3.58	88.0	10.3	0.06	30.45	534.0									
	2018	1	4	19	15	3.59	108.6	11.9	-0.21	29.12	534.0									
	2018	1	4	19	30	3.32	105.1	7.5	-0.33	26.74	534.0									
	2018	1	4	19	45	2.55	95.9	6.6	-0.23	24.51	534.0									
	2018	1	4	20	0	3.58	94.8	12.4	-0.27	24.25	534.2									
	2018	1	4	20	15	3.33	95.1	11.6	-0.23	22.76	534.2									
	2018	1	4	20	30	2.71	103.4	12.2	-0.15	19.63	534.2									
	2018	1	4	20	45	3.45	81.2	10.6	-0.10	18.50	534.2									
	2018	1	4	21	0	3.89	60.8	10.6	0.02	19.93	534.5									
	2018	1	4	21	15	4.75	35.2	4.5	0.15	20.06	534.5									
	2018	1	4	21	30	2.83	49.0	9.5	0.23	21.84	534.5									
	2018	1	4	21	45	4.06	59.9	4.5	0.20	22.10	534.5									
	2018	1	4	22	0	4.69	58.5	9.6	0.27	23.99	535.0									
	2018	1	4	22	15	2.43	72.4	17.2	0.15	23.05	535.0									
	2018	1	4	22	30	0.31	116.0	49.2	0.26	27.51	535.0									
	2018	1	4	22	45	1.17	59.5	7.5	0.28	25.94	535.0									
	2018	1	4	23	0	3.35	45.3	5.9	0.38	23.09	535.5									
	2018	1	4	23	15	6.09	47.1	5.0	0.24	17.71	535.5									
	2018	1	4	23	30	6.35	45.3	4.1	0.23	16.52	535.5									
	2018	1	4	23	45	4.90	42.8	4.4	0.33	15.67	535.5									
	2018	1	5	0	0	4.73	47.8	3.4	0.34	16.27	535.0									
	2018	1	5	0	15	3.90	40.5	7.4	0.36	17.19	535.0									
	2018	1	5	0	30	2.77	35.8	7.9	0.41	17.48	535.0									
	2018	1	5	0	45	2.32	28.1	9.7	0.41	17.60	535.0									
	2018	1	5	1	0	2.05	12.8	7.9	0.42	18.00	534.7									
	2018	1	5	1	15	1.42	6.9	9.1	0.29	16.99	534.7									
	2018	1	5	1	30	1.16	5.8	13.8	-0.18	19.07	534.7									
	2018	1	5	1	45	1.66	357.5	24.6	-0.36	19.58	534.7									
	2018	1	5	2	0	1.80	350.6	19.1	-0.60	20.76	534.3									
	2018	1	5	2	15	2.22	15.8	7.8	-0.97	24.30	534.3									
	2018	1	5	2	30	2.62	14.2	6.7	-1.01	24.34	534.3									
	2018	1	5	2	45	2.46	8.1	7.0	-1.04	22.69	534.3									
	2018	1	5	3	0	2.46	3.6	2.7	-1.18	24.12	533.8									
	2018	1	5	3	15	2.47	5.6	5.7	-1.25	23.25	533.8									
	2018	1	5	3	30	2.13	359.9	8.0	-1.21	21.47	533.8									
	2018	1	5	3	45	1.89	343.0	9.5	-1.45	23.70	533.8									
	2018	1	5	4	0	1.14	338.8	17.2	-1.70	46.40	533.6									
	2018	1	5	4	15	0.27	17.9	45.9	-2.11	52.55	533.6									
	2018	1	5	6	45	4.43	261.7	16.0	-2.12	99.10	-999.9									
	2018	1	5	7	0	4.46	263.7	12.2	-1.95	98.80	534.4									
	2018	1	5	7	15	4.31	262.2	11.0	-2.08	98.50	534.4									
	2018	1	5	7	30	4.14	271.2	10.9	-1.90	98.30	534.4									
	2018	1	5	7	45	4.92	263.3	8.5	-2.19	97.90	534.4									
	2018	1	5	8	0	4.52	260.3	13.4	-2.15	97.30	534.8									
	2018	1	5	8	15	4.48	264.2	8.6	-1.81	97.00	534.8									
	2018	1	5	8	30	4.14	270.6	9.8	-1.53	96.90	534.8									
	2018	1	5	8	45	4.15	270.7	10.6	-1.57	96.10	534.8									
	2018	1	5	9	0	3.43	267.7	17.9	-1.25	95.20	535.2									
	2018	1	5	9	15	2.62	267.9	11.2	-0.71	90.20	535.2									
	2018	1	5	9	30	2.58	274.9	13.7	0.32	83.90	535.2									
	2018	1	5	9	45	2.99	281.9	12.7	0.36	83.00	535.2									
	2018	1	5	10	0	2.74	272.1	15.5	1.03	80.10	535.6									
	2018	1	5	10	15	3.07	271.7	22.8	1.78	77.75	535.6									
	2018	1	5	10	30	2.84	288.4	27.6	1.77	79.32	535.6									
	2018	1	5	10	45	2.93	275.6	28.5	1.25	85.70	535.6									
	2018	1	5	11	0	3.40	237.8	12.6	1.05	82.50	535.6									
	2018	1	5	11	15	3.20	234.5	17.6	2.78	72.17	535.6									
	2018	1	5	11	30	2.91	262.6	40.1	2.87	69.59	535.6									
	2018	1	5	11	45	2.48	273.5	28.9	2.12	71.97	535.6									
	2018	1	5	12	0	2.45	261.3	34.9	2.19	73.08	535.5									
	2018	1	5	12	15	2.48	263.3	46.5	2.42	71.38	535.5									
	2018	1	5	12	30	2.27	274.9	51.2	3.46	64.40	535.5									
	2018	1	5	12	45	2.58	230.1	28.2	3.23	67.09	535.5									
	2018	1	5	13	0	2.25	249.7	41.3	3.25	66.64	535.5									
	2018	1	5	13	15	3.00	224.0	41.3	4.16	64.04	535.5									
	2018	1	5	13	30	3.40	245.1	35.8	4.60	62.20	535.5									
	2018	1	5	13	45	2.96	227.7	16.8	4.74	63.16	535.5									
	2018	1	5	14	0	3.88	244.3	34.5	2.73	71.94	535.2									
	2018	1	5	14	15	1.40	225.9	77.0	3.75	66.26	535.2									
	2018	1	5	14	30	2.86	230.5	17.2	3.21	72.85	535.2									
	2018	1	5	14	45	2.32	200.3	69.6	2.84	75.17	535.2									
	2018	1	5	15	0	4.56	226.6	12.9	1.35	82.60	534.5									
	2018	1	5	15	15	3.66	179.7	37.2	1.20	73.20	534.5									
	2018	1	5	15	30	5.36	204.6	44.5	1.32	75.34	534.5									
	2018	1	5	15	45	6.13	28.8	31.9	-0.85	95.80	534.5									
	2018	1	5	16	0	5.60	24.4	20.9	-0.31	88.40	534.0									
	2018	1	5	16	15	6.03	340.3	14.9	0.24	84.90	534.0									
	2018	1	5	16	30	3.83	319.8	27.1	-0.04	87.30	534.0									
	2018	1	5	16	45	4.42	308.5	18.3	0.08	83.90	534.0									
	2018	1	5	17	0	3.50	321.8	15.5	0.56	69.04	534.1									
	2018	1	5	17	15	3.73	282.6	54.3	1.37	58.87	534.1									
	2018	1	5	17	30	4.19	336.6	7.5	1.04	64.04	534.1									
	2018	1	5	17	45	3.52	351.1	16.6	0.94	63.66	534.1									
	2018	1	5	18	0	3.31	335.3	38.8	1.20	58.85	534.2									
	2018	1	5	18	15	4.17	277.6	7.1	0.23	69.12	534.2									
	2018	1	5	18	30	3.75	295.4	14.4	0.67	60.76	534.2									
	2018	1	5	18	45	5.29	284.9	13.8	0.84	58.75	534.2									
	2018	1	5	19	0	3.10	254.2	39.0	2.12	46.98	534.1									
	2018	1	5	19	15	4.70	206.7	18.6	3.09	41.85	534.1									
	2018	1	5	19	30	4.74	200.5	30.2	1.62	61.24	534.1									
	2018	1	5	19	45	5.45	203.0	17.4	1.62	64.44	534.1									
	2018	1	5	20	0	9.31	216.6	2.7	2.11	61.49	534.0									
	2018	1	5	20	15	8.91	217.1	2.8	2.32	59.87	534.0									
	2018	1	5	20	30	5.88	218.5	25.5	2.13	61.96	534.0									
	2018	1	5	20	45	2.19	197.3	43.1	1.83	64.89	534.0									
	2018	1	5	21	0	4.34	221.3	21.2	1.53	68.39	534.9									
	2018	1	5	21	15	3.70	236.4	17.7	1.63	69.45	534.9									
	2018	1	6	12	30	7.12	60.8	16.2	-0.16	85.00	-999.9									
	2018	1	6	12	45	8.05	64.5	19.3	0.27	76.30	-999.9									
	2018	1	6	13	0	7.58	67.7	9.6	0.82	75.78	535.0									
	2018	1	6	13	15	8.44	84.2	13.2	1.58	83.70	535.0									
	2018	1	6	13	30	7.46	84.0	16.8	1.49	82.30	535.0									
	2018	1	6	13	45	6.12	71.3	16.8	1.35	81.70	535.0									
	2018	1	6	14	0	5.25	83.0	13.3	2.10	73.91	534.5									
	2018	1	6	14	15	4.94	91.5	15.3	2.55	71.60	534.5									
	2018	1	6	14	30	4.76	96.0	12.8	2.65	71.86	534.5									
	2018	1	6	14	45	4.52	93.2	19.2	2.82	69.98	534.5									
	2018	1	6	15	0	4.10	70.4	18.2	2.91	70.91	534.0									
	2018	1	6	15	15	5.28	76.4	21.4	3.06	73.83	534.0									
	2018	1	6	15	30	5.73	89.0	11.3	2.55	78.04	534.0									
	2018	1	6	15	45	5.32	71.7	16.0	2.22	86.40	534.0									
	2018	1	6	16	0	5.82	93.5	8.7	1.88	87.10	533.6									
	2018	1	6	16	15	6.42	102.1	8.1	1.31	92.30	533.6									
	2018	1	6	16	30	6.74	106.0	7.4	0.63	95.50	533.6									
	2018	1	6	16	45	6.34	96.9	11.0	0.07	97.60	533.6									
	2018	1	6	17	0	7.67	69.0	21.9	-0.56	98.90	533.2									
	2018	1	6	17	15	8.82	68.9	13.9	-0.68	99.40	533.2									
	2018	1	6	17	30	8.58	86.4	11.9	-0.52	99.50	533.2									
	2018	1	6	17	45	6.94	82.0	10.1	-0.82	99.50	533.2									
	2018	1	6	18	0	4.82	77.2	11.3	-1.25	99.50	534.0									
	2018	1	6	18	15	4.40	65.7	10.3	-1.47	99.40	534.0									
	2018	1	6	18	30	3.93	47.2	7.7	-1.62	97.70	534.0									
	2018	1	6	18	45	10.22	52.4	9.5	-0.94	82.10	534.0									
	2018	1	6	19	0	8.47	53.6	11.0	-1.43	84.70	533.5									
	2018	1	6	19	15	6.04	73.8	15.6	-0.81	75.95	533.5									
	2018	1	6	19	30	6.13	101.6	8.3	-1.03	79.82	533.5									
	2018	1	6	19	45	5.84	96.3	5.3	-0.80	75.52	533.5									
	2018	1	6	20	0	5.65	99.9	13.8	-0.69	69.31	534.0									
	2018	1	6	20	15	5.84	104.7	9.4	-1.78	82.30	534.0									
	2018	1	6	20	30	7.55	97.3	5.7	-2.85	96.80	534.0									
	2018	1	6	20	45	6.83	96.8	8.6	-2.77	97.80	534.0									
	2018	1	6	21	0	6.50	92.7	10.5	-2.77	97.90	534.7									
	2018	1	6	21	15	6.04	67.8	8.1	-2.79	97.80	534.7									
	2018	1	6	21	30	7.93	68.2	13.2	-2.51	97.20	534.7									
	2018	1	6	21	45	7.62	62.7	11.3	-2.21	96.10	534.7									
	2018	1	6	22	0	8.28	72.2	12.7	-1.71	93.50	535.0									
	2018	1	6	22	15	8.90	80.8	9.1	-1.88	96.60	535.0									
	2018	1	7	7	15	1.82	27.6	0.0	-3.41	97.30	-999.9									
	2018	1	7	7	30	2.36	27.6	0.0	-3.31	97.10	-999.9									
	2018	1	7	7	45	1.73	27.5	0.0	-3.19	97.10	-999.9									
	2018	1	7	8	0	1.48	27.5	0.0	-3.07	97.20	534.7									
	2018	1	7	8	15	-999.90	-999.9	-999.9	-2.65	97.40	534.7									
	2018	1	7	8	30	0.51	29.9	9.2	-2.67	97.50	534.7									
	2018	1	7	8	45	1.76	141.4	32.7	-1.46	98.10	534.7									
	2018	1	7	9	0	0.69	184.6	39.1	-1.52	98.40	534.8									
	2018	1	7	9	15	0.86	176.1	85.9	-0.76	98.70	534.8									
	2018	1	7	9	30	1.89	135.4	52.9	-0.34	99.00	534.8									
	2018	1	7	9	45	1.25	221.2	31.6	-1.03	99.00	534.8									
	2018	1	7	10	0	1.62	225.8	45.1	-1.11	99.00	535.0									
	2018	1	7	10	15	1.82	146.6	49.0	-1.11	99.00	535.0									
	2018	1	7	10	30	2.18	80.2	53.8	-0.70	99.10	535.0									
	2018	1	7	10	45	2.43	86.3	28.8	0.26	99.30	535.0									
	2018	1	7	11	0	2.12	134.2	39.2	0.86	99.30	535.1									
	2018	1	7	11	15	3.53	108.3	20.2	0.80	99.30	535.1									
	2018	1	7	11	30	3.85	103.7	15.1	0.59	98.90	535.1									
	2018	1	7	11	45	4.40	101.5	22.6	0.85	98.40	535.1									
	2018	1	7	12	0	3.83	99.3	39.8	0.85	99.00	534.8									
	2018	1	7	12	15	4.52	112.9	13.3	0.53	99.60	534.8									
	2018	1	7	12	30	5.49	103.9	18.6	0.04	99.40	534.8									
	2018	1	7	12	45	6.94	104.7	18.4	-0.06	99.50	534.8									
	2018	1	7	13	0	7.79	100.2	10.2	-0.83	99.40	534.5									
	2018	1	7	13	15	7.04	95.0	7.9	-0.90	99.20	534.5									
	2018	1	7	13	30	7.01	91.3	8.7	-0.83	98.60	534.5									
	2018	1	7	13	45	5.36	77.3	11.6	-0.13	98.20	534.5									
	2018	1	7	14	0	6.19	101.7	16.1	0.20	97.90	534.2									
	2018	1	7	14	15	5.73	101.7	8.9	-0.26	97.90	534.2									
	2018	1	7	14	30	6.24	98.7	10.8	-0.11	97.40	534.2									
	2018	1	7	14	45	6.01	82.3	15.2	0.20	95.70	534.2									
	2018	1	7	15	0	6.65	92.0	11.4	-0.08	96.20	533.7									
	2018	1	7	15	15	5.92	88.2	7.6	-0.60	98.20	533.7									
	2018	1	7	15	30	6.49	94.6	9.7	-0.83	98.40	533.7									
	2018	1	7	15	45	5.42	93.1	11.1	-0.80	97.90	533.7									
	2018	1	7	16	0	5.23	104.2	8.3	-1.02	98.10	533.5									
	2018	1	7	16	15	5.22	94.3	6.7	-1.22	98.40	533.5									
	2018	1	7	16	30	5.30	101.4	9.7	-1.10	98.30	533.5									
	2018	1	7	16	45	6.82	103.9	8.0	-1.16	98.20	533.5									
	2018	1	7	17	0	7.47	109.9	9.6	-0.97	98.20	533.2									
	2018	1	7	17	15	7.43	86.6	14.6	-0.87	98.20	533.2									
	2018	1	7	17	30	7.66	74.8	7.0	-1.30	98.60	533.2									
	2018	1	7	17	45	6.62	68.0	15.8	-1.44	98.30	533.2									
	2018	1	7	18	0	6.48	53.4	21.3	-1.43	98.10	533.0									
	2018	1	7	18	15	7.30	53.4	18.5	-1.66	98.30	533.0									
	2018	1	7	18	30	8.66	78.0	12.4	-1.96	99.00	533.0									
	2018	1	7	18	45	8.19	75.3	10.8	-1.89	99.10	533.0									
	2018	1	7	19	0	8.39	68.7	11.9	-2.15	98.80	533.6									
	2018	1	7	19	15	7.98	64.1	12.8	-2.30	98.40	533.6									
	2018	1	7	19	30	6.74	70.2	11.0	-2.25	98.30	533.6									
	2018	1	7	19	45	6.83	70.7	11.6	-2.07	98.50	533.6									
	2018	1	7	20	0	6.78	68.6	10.8	-2.04	98.60	534.2									
	2018	1	7	20	15	6.05	65.3	9.7	-2.10	98.60	534.2									
	2018	1	7	20	30	5.36	78.2	15.4	-1.93	98.60	534.2									
	2018	1	7	20	45	4.45	57.0	16.7	-2.03	98.60	534.2									
	2018	1	7	21	0	4.69	49.0	11.1	-2.07	98.60	534.6									
	2018	1	7	21	15	3.27	65.9	20.6	-2.13	98.50	534.6									
	2018	1	7	21	30	4.14	42.7	14.8	-2.28	98.40	534.6									
	2018	1	7	21	45	4.30	30.5	5.0	-2.15	98.50	534.6									
	2018	1	7	22	0	4.09	24.2	8.4	-2.11	98.50	535.0									
	2018	1	7	22	15	3.45	58.7	25.0	-2.17	98.50	535.0									
	2018	1	7	22	30	4.05	45.9	24.7	-2.26	98.40	535.0									
	2018	1	7	22	45	4.63	37.3	8.8	-2.52	98.20	535.0									
	2018	1	7	23	0	4.10	24.1	9.3	-2.51	98.10	535.0									
	2018	1	7	23	15	5.23	39.2	8.2	-2.56	98.00	535.0									
	2018	1	7	23	30	4.47	29.4	5.0	-2.58	98.00	535.0									
	2018	1	7	23	45	2.81	30.4	10.4	-2.61	97.90	535.0									
	2018	1	8	0	0	3.50	57.5	6.9	-2.68	97.90	534.7									
	2018	1	8	0	15	4.60	43.4	6.4	-2.78	97.80	534.7									
	2018	1	8	0	30	5.23	49.6	15.1	-2.87	97.70	534.7									
	2018	1	8	0	45	3.00	36.1	17.0	-2.82	97.70	534.7									
	2018	1	8	1	0	4.24	35.4	13.5	-2.76	97.70	534.3									
	2018	1	8	1	15	2.52	9.3	16.4	-2.67	97.70	534.3									
	2018	1	8	1	30	3.44	6.9	13.1	-2.67	97.70	534.3									
	2018	1	8	1	45	3.11	359.2	11.9	-2.69	97.70	534.3									
	2018	1	8	2	0	2.43	349.4	14.6	-2.67	97.70	534.0									
	2018	1	8	2	15	1.40	0.9	15.0	-2.63	97.70	534.0									
	2018	1	8	2	30	-999.90	-999.9	-999.9	-2.60	97.70	534.0									
	2018	1	8	2	45	-999.90	-999.9	-999.9	-2.73	97.60	534.0									
	2018	1	8	3	0	-999.90	-999.9	-999.9	-2.94	97.50	533.7									
	2018	1	8	3	15	-999.90	-999.9	-999.9	-3.12	97.30	533.7									
	2018	1	8	3	30	-999.90	-999.9	-999.9	-3.20	97.20	533.7									
	2018	1	8	3	45	-999.90	-999.9	-999.9	-3.21	97.10	533.7									
	2018	1	8	4	0	-999.90	-999.9	-999.9	-3.08	97.20	533.5									
	2018	1	8	4	15	-999.90	-999.9	-999.9	-3.17	97.10	533.5									
	2018	1	8	4	30	-999.90	-999.9	-999.9	-3.31	96.90	533.5									
	2018	1	8	4	45	-999.90	-999.9	-999.9	-3.50	96.80	533.5									
	2018	1	8	8	15	-999.90	-999.9	-999.9	-2.85	98.00	-999.9									
	2018	1	8	8	30	-999.90	-999.9	-999.9	-2.61	97.70	-999.9									
	2018	1	8	8	45	-999.90	-999.9	-999.9	-2.52	97.60	-999.9									
	2018	1	8	9	0	-999.90	-999.9	-999.9	-2.06	97.80	534.7									
	2018	1	8	9	15	-999.90	-999.9	-999.9	-1.72	98.20	534.7									
	2018	1	8	9	30	0.56	36.0	12.7	-1.14	98.50	534.7									
	2018	1	8	9	45	3.82	29.4	12.7	-1.55	98.50	534.7									
	2018	1	8	10	0	3.19	39.7	11.2	-1.24	98.60	534.8									
	2018	1	8	10	15	4.18	60.0	22.1	-0.65	98.90	534.8									
	2018	1	8	10	30	4.22	76.5	19.6	-0.30	99.20	534.8									
	2018	1	8	10	45	4.95	83.7	11.5	-0.48	99.40	534.8									
	2018	1	8	11	0	5.46	73.0	10.7	-0.44	99.60	534.8									
	2018	1	8	11	15	3.89	51.3	26.0	-0.18	99.70	534.8									
	2018	1	8	11	30	3.71	43.2	22.2	-0.63	99.50	534.8									
	2018	1	8	11	45	2.68	29.4	14.9	-0.66	99.40	534.8									
	2018	1	8	12	0	2.93	19.4	15.0	-0.29	99.50	534.7									
	2018	1	8	12	15	3.35	28.3	11.4	-0.34	99.50	534.7									
	2018	1	8	12	30	4.20	30.3	9.2	-0.50	99.50	534.7									
	2018	1	8	12	45	3.95	32.3	10.7	-0.08	99.60	534.7									
	2018	1	8	13	0	4.74	34.8	8.7	-0.09	99.50	534.5									
	2018	1	8	13	15	4.58	45.3	16.6	-0.02	99.50	534.5									
	2018	1	8	13	30	4.94	51.4	24.2	0.01	99.60	534.5									
	2018	1	8	13	45	5.37	61.5	18.8	0.35	99.60	534.5									
	2018	1	8	14	0	5.76	73.6	13.8	0.38	99.70	534.1									
	2018	1	8	14	15	5.40	49.3	15.2	0.26	99.70	534.1									
	2018	1	8	14	30	5.72	71.9	15.6	0.22	99.60	534.1									
	2018	1	8	14	45	4.31	81.0	41.2	-0.19	99.60	534.1									
	2018	1	8	15	0	3.29	74.3	17.2	-0.34	99.70	533.8									
	2018	1	8	15	15	3.55	70.1	23.4	-0.28	99.80	533.8									
	2018	1	8	15	30	3.82	42.9	13.5	-0.02	99.70	533.8									
	2018	1	8	15	45	3.58	70.8	31.8	0.28	99.50	533.8									
	2018	1	8	16	0	3.29	92.4	18.9	0.20	99.40	533.5									
	2018	1	8	16	15	2.33	35.4	16.3	-0.12	99.60	533.5									
	2018	1	8	16	30	1.90	43.9	15.6	-0.24	99.60	533.5									
	2018	1	8	16	45	2.06	65.6	22.6	-0.15	99.60	533.5									
	2018	1	8	17	0	1.53	30.9	43.1	-0.41	99.50	533.2									
	2018	1	8	17	15	1.68	30.0	36.2	-0.14	99.40	533.2									
	2018	1	8	17	30	2.34	7.4	25.7	0.21	98.80	533.2									
	2018	1	8	17	45	0.99	338.4	42.0	0.46	98.60	533.2									
	2018	1	8	18	0	0.40	272.0	100.7	0.68	98.50	533.3									
	2018	1	8	18	15	1.09	183.3	93.5	0.20	98.80	533.3									
	2018	1	8	18	30	0.87	334.9	75.1	-0.11	99.20	533.3									
	2018	1	8	18	45	1.27	139.4	46.5	-0.40	99.50	533.3									
	2018	1	8	19	0	0.86	251.9	18.1	-0.60	99.60	533.6									
	2018	1	8	19	15	0.28	156.4	38.0	-0.81	99.60	533.6									
	2018	1	8	19	30	0.78	57.8	37.3	-1.01	99.50	533.6									
	2018	1	8	19	45	1.90	24.8	11.7	-1.09	99.50	533.6									
	2018	1	8	20	0	1.25	52.2	37.3	-1.20	99.40	534.1									
	2018	1	8	20	15	0.85	12.5	28.0	-1.34	99.30	534.1									
	2018	1	8	20	30	1.17	29.6	10.7	-1.59	99.10	534.1									
	2018	1	8	20	45	0.98	17.8	22.2	-1.73	98.90	534.1									
	2018	1	8	21	0	0.92	331.1	9.3	-1.73	98.70	534.3									
	2018	1	8	21	15	0.17	342.0	29.1	-1.72	98.40	534.3									
	2018	1	8	21	30	0.37	243.3	26.7	-1.42	97.90	534.3									
	2018	1	8	21	45	0.80	222.3	16.1	-1.33	98.00	534.3									
	2018	1	8	22	0	1.18	195.3	35.5	-1.50	98.30	534.4									
	2018	1	8	22	15	0.47	130.3	6.7	-1.75	98.30	534.4									
	2018	1	8	22	30	0.41	82.7	28.0	-1.87	98.20	534.4									
	2018	1	8	22	45	2.79	69.8	8.1	-2.26	97.80	534.4									
	2018	1	8	23	0	3.47	68.1	6.4	-2.71	96.50	534.7									
	2018	1	8	23	15	2.82	58.1	9.7	-2.80	95.20	534.7									
	2018	1	8	23	30	4.10	57.4	11.9	-2.85	94.40	534.7									
	2018	1	8	23	45	4.01	45.1	8.0	-2.99	96.10	534.7									
	2018	1	9	0	0	5.40	45.5	6.3	-3.12	96.90	534.2									
	2018	1	9	0	15	5.25	55.4	7.9	-2.99	94.90	534.2									
	2018	1	9	0	30	4.30	35.3	8.4	-3.17	96.10	534.2									
	2018	1	9	0	45	4.85	28.3	5.6	-3.26	96.40	534.2									
	2018	1	9	1	0	5.11	35.1	8.1	-3.41	96.10	533.8									
	2018	1	9	1	15	4.46	40.2	3.9	-3.42	96.20	533.8									
	2018	1	9	1	30	4.63	42.9	5.1	-3.45	95.80	533.8									
	2018	1	9	1	45	1.96	31.2	50.7	-3.30	95.90	533.8									
	2018	1	9	2	0	0.93	19.1	55.9	-2.89	94.20	533.3									
	2018	1	9	2	15	3.60	24.8	6.0	-3.51	95.00	533.3									
	2018	1	9	2	30	3.40	26.7	4.8	-3.73	95.80	533.3									
	2018	1	9	2	45	2.84	22.9	8.1	-3.60	95.10	533.3									
	2018	1	9	7	30	-999.90	-999.9	-999.9	-2.18	96.50	-999.9									
	2018	1	9	7	45	0.36	173.8	84.7	-1.69	95.50	-999.9									
	2018	1	9	8	0	1.72	106.8	26.3	-0.80	95.80	534.0									
	2018	1	9	8	15	1.17	80.8	34.7	-1.18	96.20	534.0									
	2018	1	9	8	30	0.50	15.9	69.1	-0.20	96.10	534.0									
	2018	1	9	8	45	1.22	73.1	50.1	-1.19	95.70	534.0									
	2018	1	9	9	0	1.04	132.0	66.3	-1.75	96.60	534.3									
	2018	1	9	9	15	0.69	178.4	51.7	-2.15	97.00	534.3									
	2018	1	9	9	30	1.12	149.0	58.8	-2.26	97.00	534.3									
	2018	1	9	9	45	1.78	124.5	31.5	-2.04	97.00	534.3									
	2018	1	9	10	0	1.95	103.2	21.6	-1.79	97.00	534.7									
	2018	1	9	10	15	1.58	125.9	25.2	-1.67	97.00	534.7									
	2018	1	9	10	30	2.04	87.4	32.8	-1.44	97.40	534.7									
	2018	1	9	10	45	2.64	100.3	32.7	-1.53	97.50	534.7									
	2018	1	9	11	0	1.91	101.3	28.9	-1.59	97.60	534.5									
	2018	1	9	11	15	0.91	10.1	55.8	-1.62	97.20	534.5									
	2018	1	9	11	30	2.12	125.2	68.5	-1.77	97.30	534.5									
	2018	1	9	11	45	2.73	88.4	21.7	-1.75	97.80	534.5									
	2018	1	9	12	0	2.50	53.9	22.2	-1.69	96.90	534.3									
	2018	1	10	11	15	3.23	85.1	9.1	0.16	89.10	-999.9									
	2018	1	10	11	30	5.38	86.8	9.5	0.94	87.40	-999.9									
	2018	1	10	11	45	5.24	85.8	11.0	1.07	87.50	-999.9									
	2018	1	10	12	0	5.43	89.5	8.0	1.25	87.80	534.7									
	2018	1	10	12	15	5.46	89.8	14.5	1.19	88.20	534.7									
	2018	1	10	12	30	4.11	96.4	12.9	1.82	87.10	534.7									
	2018	1	10	12	45	4.31	99.5	12.9	1.44	87.80	534.7									
	2018	1	10	13	0	3.43	98.7	26.0	0.95	90.40	534.5									
	2018	1	10	13	15	2.10	138.1	36.1	-0.05	92.00	534.5									
	2018	1	10	13	30	3.67	120.8	25.9	-0.36	94.80	534.5									
	2018	1	10	13	45	4.30	105.8	15.7	-0.27	96.40	534.5									
	2018	1	10	14	0	3.80	75.2	19.3	0.97	91.50	534.2									
	2018	1	10	14	15	3.85	57.8	33.2	0.73	91.50	534.2									
	2018	1	10	14	30	3.70	41.6	13.9	0.71	91.20	534.2									
	2018	1	10	14	45	3.25	51.2	29.9	0.73	92.40	534.2									
	2018	1	10	15	0	3.92	84.2	23.2	0.85	91.70	533.8									
	2018	1	10	15	15	5.38	87.5	16.5	0.53	91.20	533.8									
	2018	1	10	15	30	5.76	107.7	8.4	-0.11	93.90	533.8									
	2018	1	10	15	45	6.36	106.1	5.8	-0.31	94.20	533.8									
	2018	1	10	16	0	4.26	100.7	19.9	0.74	90.70	533.3									
	2018	1	10	16	15	2.28	107.4	27.0	2.12	85.20	533.3									
	2018	1	10	16	30	1.49	162.7	50.2	2.34	84.50	533.3									
	2018	1	10	16	45	3.76	110.1	17.6	-0.03	94.10	533.3									
	2018	1	10	17	0	5.10	114.6	10.6	-1.08	97.20	533.0									
	2018	1	10	17	15	5.13	106.9	15.2	-1.31	98.00	533.0									
	2018	1	10	17	30	4.80	98.9	6.9	-1.25	98.10	533.0									
	2018	1	10	17	45	4.44	97.0	8.0	-1.41	97.80	533.0									
	2018	1	10	18	0	3.56	94.9	8.9	-1.33	97.20	533.2									
	2018	1	10	18	15	3.46	95.5	8.4	-1.31	95.60	533.2									
	2018	1	10	18	30	5.05	97.4	5.3	-1.45	96.40	533.2									
	2018	1	10	18	45	5.49	105.1	9.6	-1.61	97.30	533.2									
	2018	1	10	19	0	5.34	96.0	9.1	-1.88	97.60	533.7									
	2018	1	11	8	45	2.19	127.9	23.2	-1.64	98.60	-999.9									
	2018	1	11	9	0	2.86	115.7	7.7	-1.33	98.40	534.9									
	2018	1	11	9	15	4.75	121.0	14.1	-0.74	98.20	534.9									
	2018	1	11	9	30	5.69	123.3	21.3	-1.01	97.40	534.9									
	2018	1	11	9	45	4.18	112.8	4.9	-1.07	97.10	-999.9									
	2018	1	11	10	0	6.33	114.8	19.6	-0.69	96.50	535.2									
	2018	1	11	10	15	6.70	97.5	10.7	-0.68	94.80	535.2									
	2018	1	11	10	30	5.57	81.7	14.3	-0.54	94.70	535.2									
	2018	1	11	10	45	5.59	87.5	10.6	-0.62	94.60	535.2									
	2018	1	11	11	0	5.40	84.7	13.7	-0.42	93.20	535.3									
	2018	1	11	11	15	5.74	82.2	9.7	-0.17	93.00	535.3									
	2018	1	11	11	30	6.38	83.7	11.7	-0.04	91.50	535.3									
	2018	1	11	11	45	7.05	96.5	10.0	-0.28	91.40	535.3									
	2018	1	11	12	0	6.88	100.8	10.3	0.17	92.10	535.0									
	2018	1	11	12	15	7.75	85.4	12.7	-0.18	91.40	535.0									
	2018	1	11	12	30	7.75	90.8	9.3	-0.41	92.30	535.0									
	2018	1	11	12	45	7.18	77.1	11.2	-0.10	91.30	535.0									
	2018	1	11	13	0	6.42	73.3	16.9	0.33	93.00	534.7									
	2018	1	11	13	15	6.58	89.1	5.9	0.02	92.00	534.7									
	2018	1	11	13	30	5.38	89.1	13.2	0.27	92.10	534.7									
	2018	1	11	13	45	5.57	53.8	18.6	0.41	94.60	534.7									
	2018	1	11	14	0	3.61	74.7	28.7	0.35	95.70	534.3									
	2018	1	11	14	15	4.00	49.8	17.1	0.99	94.10	534.3									
	2018	1	11	14	30	3.87	40.9	17.8	1.13	94.10	534.3									
	2018	1	11	14	45	4.24	47.2	24.9	1.50	92.90	534.3									
	2018	1	11	15	0	4.77	81.4	20.4	0.89	96.20	533.9									
	2018	1	11	15	15	6.13	68.1	16.6	0.49	97.30	533.9									
	2018	1	11	15	30	6.90	69.3	16.7	0.37	97.60	533.9									
	2018	1	11	15	45	6.14	74.9	14.3	0.16	97.60	533.9									
	2018	1	11	16	0	6.52	62.8	19.3	0.12	97.30	533.5									
	2018	1	11	16	15	7.81	88.6	10.4	-0.09	96.80	533.5									
	2018	1	11	16	30	7.45	82.5	10.6	-0.30	96.80	533.5									
	2018	1	11	16	45	6.70	73.1	13.9	-0.76	96.80	533.5									
	2018	1	11	17	0	6.15	92.6	9.5	-0.94	97.20	533.3									
	2018	1	11	17	15	5.45	96.1	9.1	-0.96	97.10	533.3									
	2018	1	11	17	30	4.97	94.7	10.6	-1.03	96.70	533.3									
	2018	1	11	17	45	4.79	84.2	14.5	-1.28	96.10	533.3									
	2018	1	11	18	0	5.34	104.6	9.8	-1.29	96.00	533.7									
	2018	1	11	18	15	4.75	114.2	4.1	-1.41	96.00	533.7									
	2018	1	11	18	30	5.03	111.4	6.4	-1.68	95.70	533.7									
	2018	1	11	18	45	4.75	116.7	5.1	-2.19	96.20	533.7									
	2018	1	11	19	0	6.04	111.0	7.2	-2.34	96.90	533.7									
	2018	1	11	19	15	6.05	113.9	8.1	-2.42	97.10	533.7									
	2018	1	11	19	30	5.34	116.2	7.9	-2.56	97.30	533.7									
	2018	1	11	19	45	4.35	123.3	8.3	-2.63	97.30	533.7									
	2018	1	11	20	0	4.37	127.2	7.2	-2.63	97.50	533.9									
	2018	1	11	20	15	1.88	140.1	16.7	-2.48	96.60	533.9									
	2018	1	11	20	30	-999.90	-999.9	-999.9	-2.46	96.20	533.9									
	2018	1	11	20	45	-999.90	-999.9	-999.9	-2.50	95.30	533.9									
	2018	1	11	21	0	-999.90	-999.9	-999.9	-2.50	94.90	534.2									
	2018	1	11	21	15	-999.90	-999.9	-999.9	-2.49	95.40	534.2									
	2018	1	11	21	30	-999.90	-999.9	-999.9	-2.50	95.60	534.2									
	2018	1	11	21	45	-999.90	-999.9	-999.9	-2.54	96.00	534.2									
	2018	1	11	22	0	-999.90	-999.9	-999.9	-2.58	96.10	534.5									
	2018	1	11	22	15	-999.90	-999.9	-999.9	-2.57	96.00	534.5									
	2018	1	11	22	30	-999.90	-999.9	-999.9	-2.63	95.90	534.5									
	2018	1	11	22	45	-999.90	-999.9	-999.9	-2.64	95.70	534.5									
	2018	1	11	23	0	-999.90	-999.9	-999.9	-2.56	95.40	534.7									
	2018	1	11	23	15	-999.90	-999.9	-999.9	-2.48	95.70	534.7									
	2018	1	11	23	30	-999.90	-999.9	-999.9	-2.36	96.00	534.7									
	2018	1	11	23	45	-999.90	-999.9	-999.9	-2.30	96.50	534.7									
	2018	1	12	0	0	-999.90	-999.9	-999.9	-2.23	97.00	534.5									
	2018	1	12	0	15	-999.90	-999.9	-999.9	-2.14	96.60	534.5									
	2018	1	12	7	15	-999.90	-999.9	-999.9	-2.25	98.20	-999.9									
	2018	1	12	7	30	-999.90	-999.9	-999.9	-1.24	97.60	-999.9									
	2018	1	12	7	45	-999.90	-999.9	-999.9	-0.52	96.00	-999.9									
	2018	1	12	8	0	-999.90	-999.9	-999.9	-0.63	95.00	534.2									
	2018	1	12	8	15	-999.90	-999.9	-999.9	-1.36	94.70	534.2									
	2018	1	12	8	30	-999.90	-999.9	-999.9	-1.45	94.90	534.2									
	2018	1	12	8	45	-999.90	-999.9	-999.9	-1.62	95.10	534.2									
	2018	1	12	9	0	-999.90	-999.9	-999.9	-1.19	95.30	534.5									
	2018	1	12	9	15	-999.90	-999.9	-999.9	-1.21	96.00	534.5									
	2018	1	12	9	30	-999.90	-999.9	-999.9	-1.69	97.10	534.5									
	2018	1	12	9	45	-999.90	-999.9	-999.9	-1.62	97.00	534.5									
	2018	1	12	10	0	-999.90	-999.9	-999.9	-1.28	96.20	534.7									
	2018	1	12	10	15	-999.90	-999.9	-999.9	-1.08	95.70	534.7									
	2018	1	12	10	30	-999.90	-999.9	-999.9	-0.91	95.40	534.7									
	2018	1	12	10	45	-999.90	-999.9	-999.9	-0.53	95.40	534.7									
	2018	1	12	11	0	-999.90	-999.9	-999.9	-0.55	95.20	534.7									
	2018	1	12	11	15	-999.90	-999.9	-999.9	-0.54	94.70	534.7									
	2018	1	12	11	30	-999.90	-999.9	-999.9	-0.33	95.30	534.7									
	2018	1	12	11	45	-999.90	-999.9	-999.9	-0.26	95.70	534.7									
	2018	1	12	12	0	-999.90	-999.9	-999.9	-0.06	94.20	534.5									
	2018	1	12	12	15	0.31	102.9	5.0	0.46	91.90	534.5									
	2018	1	12	12	30	0.74	62.3	25.1	2.08	86.70	534.5									
	2018	1	12	12	45	1.28	56.2	28.7	2.89	83.60	534.5									
	2018	1	12	13	0	1.98	26.3	19.0	2.40	87.40	534.0									
	2018	1	12	13	15	1.92	24.4	11.7	1.80	92.40	534.0									
	2018	1	12	13	30	1.68	25.6	19.7	2.13	92.80	534.0									
	2018	1	12	13	45	1.51	3.3	50.0	1.50	93.50	534.0									
	2018	1	12	14	0	2.11	84.9	28.6	1.60	93.60	533.6									
	2018	1	12	14	15	3.11	91.3	6.0	1.25	93.00	533.6									
	2018	1	12	14	30	3.69	88.9	6.4	1.10	92.60	533.6									
	2018	1	12	14	45	4.07	85.9	12.5	0.73	94.70	533.6									
	2018	1	12	15	0	3.68	98.0	12.2	0.47	95.60	533.0									
	2018	1	15	12	15	-999.90	-999.9	-999.9	-1.16	99.40	-999.9									
	2018	1	15	12	45	4.63	62.9	9.9	-1.01	99.80	-999.9									
	2018	1	15	13	0	6.50	83.1	16.7	-0.85	99.60	534.2									
	2018	1	16	11	45	-999.90	-999.9	-999.9	0.00	100.00	-999.9									
	2018	1	16	12	0	4.46	83.2	16.4	-0.01	100.00	535.4									
	2018	1	16	12	30	2.56	52.0	6.4	0.23	100.00	-999.9									
	2018	1	16	13	0	4.64	80.4	16.9	0.28	100.00	535.0									
	2018	1	16	13	15	4.81	40.6	10.0	0.45	100.00	535.0									
	2018	1	16	13	45	4.18	40.9	17.6	0.81	100.00	-999.9									
	2018	1	16	14	45	4.91	34.6	9.5	1.26	100.00	-999.9									
	2018	1	16	15	0	3.52	31.6	7.7	1.52	100.00	534.7									
	2018	1	16	15	30	2.95	51.0	15.6	1.15	100.00	-999.9									
	2018	1	16	16	0	3.40	58.9	20.3	0.90	100.00	534.0									
	2018	1	16	16	15	4.06	50.8	25.7	0.61	100.00	534.0									
	2018	1	17	8	15	-999.90	-999.9	-999.9	0.25	87.20	-999.9									
	2018	1	17	9	0	1.74	147.7	25.6	1.18	84.30	535.5									
	2018	1	17	9	30	-999.90	-999.9	-999.9	-0.64	96.60	-999.9									
	2018	1	17	10	0	-999.90	-999.9	-999.9	-0.47	97.30	-999.9									
	2018	1	17	10	45	2.89	98.7	8.2	-0.13	97.30	-999.9									
	2018	1	17	11	0	3.26	67.5	30.9	0.38	95.00	535.8									
	2018	1	17	11	15	3.56	77.0	25.9	0.64	95.50	-999.9									
	2018	1	17	11	30	3.56	77.6	16.6	0.79	95.50	-999.9									
	2018	1	17	12	15	4.45	97.9	13.2	0.97	92.60	-999.9									
	2018	1	17	12	30	4.64	80.3	23.1	1.15	91.60	-999.9									
	2018	1	17	13	0	5.03	64.4	14.6	0.53	92.60	535.5									
	2018	1	17	13	15	6.55	76.2	9.9	0.63	92.10	535.5									
	2018	1	17	13	30	6.50	85.6	7.9	0.68	92.20	535.5									
	2018	1	17	13	45	6.10	53.3	15.6	0.61	92.20	535.5									
	2018	1	17	14	0	6.13	58.4	21.5	0.57	90.80	535.0									
	2018	1	17	14	15	6.76	51.5	13.9	1.06	87.40	535.0									
	2018	1	17	14	30	5.87	49.5	19.2	1.10	88.20	535.0									
	2018	1	17	14	45	5.00	47.2	18.1	1.00	90.80	535.0									
	2018	1	17	15	0	4.75	71.9	17.3	1.03	90.50	534.7									
	2018	1	17	15	15	5.53	60.2	22.4	0.74	92.90	534.7									
	2018	1	17	15	30	5.37	43.0	17.5	0.58	95.10	534.7									
	2018	1	17	15	45	3.34	22.6	17.0	0.33	96.10	534.7									
	2018	1	17	16	0	3.27	36.6	24.3	1.58	87.40	534.2									
	2018	1	17	16	15	3.31	47.6	15.6	0.92	90.70	534.2									
	2018	1	17	16	30	5.43	51.7	17.4	0.86	90.80	534.2									
	2018	1	17	16	45	5.83	78.3	16.0	0.85	95.10	534.2									
	2018	1	17	17	0	4.36	83.3	11.5	0.67	95.60	534.0									
	2018	1	17	17	15	2.88	76.3	11.6	0.16	96.10	534.0									
	2018	1	17	17	30	2.75	86.2	6.1	0.37	96.30	534.0									
	2018	1	17	17	45	3.01	92.4	8.1	0.22	98.10	534.0									
	2018	1	17	18	0	2.52	99.6	7.8	0.94	94.00	533.8									
	2018	1	17	18	15	2.90	103.7	11.9	0.69	81.00	533.8									
	2018	1	17	18	30	1.85	111.3	32.1	0.97	71.83	533.8									
	2018	1	17	18	45	2.18	236.3	37.0	2.76	77.08	533.8									
	2018	1	17	19	0	2.15	258.6	61.2	1.64	83.10	534.2									
	2018	1	17	19	15	1.45	234.7	36.5	1.00	86.90	534.2									
	2018	1	18	7	30	5.40	91.2	9.8	-2.81	98.80	-999.9									
	2018	1	18	7	45	-999.90	-999.9	-999.9	-2.86	98.30	-999.9									
	2018	1	18	8	0	5.77	102.9	8.3	-2.52	98.30	535.2									
	2018	1	18	8	15	5.63	108.6	7.9	-2.47	98.10	535.2									
	2018	1	18	8	30	5.69	105.4	7.0	-2.31	97.90	535.2									
	2018	1	18	8	45	6.10	104.5	7.1	-2.23	97.60	535.2									
	2018	1	18	9	0	5.82	105.0	13.1	-2.24	97.20	535.5									
	2018	1	18	9	15	5.27	99.8	9.7	-1.26	95.90	535.5									
	2018	1	18	9	30	6.86	112.4	8.5	-0.43	95.70	535.5									
	2018	1	18	9	45	6.76	96.6	10.8	-0.61	94.50	535.5									
	2018	1	18	10	0	7.51	101.7	12.6	-0.83	95.60	535.8									
	2018	1	18	10	15	6.80	105.5	13.3	-0.22	96.00	535.8									
	2018	1	18	10	30	6.75	102.1	13.7	-0.15	94.30	535.8									
	2018	1	18	10	45	6.08	116.8	19.7	0.42	93.70	535.8									
	2018	1	18	11	0	6.58	109.5	9.6	0.46	92.60	536.0									
	2018	1	18	11	15	7.00	99.2	12.3	-0.29	93.50	536.0									
	2018	1	18	11	30	5.51	84.8	7.4	-0.30	93.30	536.0									
	2018	1	18	11	45	5.81	90.5	12.4	0.70	91.00	536.0									
	2018	1	18	12	0	5.58	80.9	10.9	1.23	89.90	535.6									
	2018	1	18	12	15	5.04	71.5	18.6	1.41	90.70	535.6									
	2018	1	18	12	30	4.78	72.0	15.6	1.12	90.40	535.6									
	2018	1	18	12	45	4.98	54.8	19.2	0.40	93.10	535.6									
	2018	1	18	13	0	5.83	57.9	14.9	0.25	93.80	535.4									
	2018	1	18	13	15	6.30	55.4	21.2	0.23	94.60	535.4									
	2018	1	18	13	30	7.86	60.8	20.2	-0.02	95.10	535.4									
	2018	1	18	13	45	7.19	62.0	8.8	0.23	94.00	535.4									
	2018	1	18	14	0	7.96	61.9	13.6	0.18	96.20	535.1									
	2018	1	18	14	15	7.66	70.0	13.3	0.26	96.80	535.1									
	2018	1	18	14	30	8.00	66.4	15.0	0.36	96.50	535.1									
	2018	1	18	14	45	7.87	74.5	13.4	0.04	96.70	535.1									
	2018	1	18	15	0	8.44	66.7	14.0	0.04	95.80	534.6									
	2018	1	18	15	15	8.98	75.2	14.0	-0.11	95.60	534.6									
	2018	1	18	15	30	9.02	71.1	11.9	-0.16	96.30	534.6									
	2018	1	18	15	45	7.08	53.7	38.5	-0.25	96.30	534.6									
	2018	1	18	16	0	9.08	54.5	17.5	-0.79	96.90	534.0									
	2018	1	18	16	15	9.44	58.9	17.8	-0.87	96.70	534.0									
	2018	1	18	16	30	10.20	44.6	15.0	-0.61	94.40	534.0									
	2018	1	18	16	45	11.49	35.3	6.9	-1.02	96.40	534.0									
	2018	1	18	17	0	11.80	42.5	7.8	-1.28	96.70	533.3									
	2018	1	18	17	15	9.86	29.5	9.7	-1.08	96.20	533.3									
	2018	1	18	17	30	8.80	27.3	11.0	-1.31	97.20	533.3									
	2018	1	18	17	45	10.01	37.3	7.7	-1.31	98.30	533.3									
	2018	1	18	18	0	10.39	34.5	6.9	-1.59	98.60	533.3									
	2018	1	18	18	15	10.99	34.1	8.6	-1.80	98.10	533.3									
	2018	1	18	18	30	8.35	29.2	16.1	-1.93	95.60	533.3									
	2018	1	18	18	45	4.41	8.9	20.9	-1.62	92.70	533.3									
	2018	1	18	19	0	6.25	34.8	18.3	-1.90	93.50	533.7									
	2018	1	18	19	15	8.61	42.9	8.2	-2.37	95.10	533.7									
	2018	1	18	19	30	6.04	42.5	6.2	-2.14	93.40	533.7									
	2018	1	18	19	45	6.85	48.6	7.6	-2.03	91.80	533.7									
	2018	1	18	20	0	7.52	43.5	4.5	-1.94	86.00	534.7									
	2018	1	18	20	15	6.43	44.8	4.3	-1.89	83.00	534.7									
	2018	1	18	20	30	5.72	54.9	9.0	-2.04	88.90	534.7									
	2018	1	18	20	45	6.06	43.3	4.8	-2.05	84.80	534.7									
	2018	1	18	21	0	6.05	42.1	2.9	-2.03	85.00	535.2									
	2018	1	18	21	15	6.88	50.5	2.6	-2.01	85.80	535.2									
	2018	1	18	21	30	4.78	52.7	2.3	-1.84	76.27	535.2									
	2018	1	18	21	45	2.99	63.2	8.6	-2.01	77.36	535.2									
	2018	1	18	22	0	2.50	52.6	13.6	-2.02	76.77	535.8									
	2018	1	18	22	15	3.36	54.9	13.4	-1.82	74.21	535.8									
	2018	1	18	22	30	3.40	78.0	25.4	-1.94	77.88	535.8									
	2018	1	18	22	45	3.39	62.3	30.4	-1.92	77.40	535.8									
	2018	1	18	23	0	4.11	26.1	11.6	-1.86	76.64	535.8									
	2018	1	18	23	15	3.57	20.4	9.6	-1.95	77.84	535.8									
	2018	1	18	23	30	2.96	21.1	9.0	-2.04	80.50	535.8									
	2018	1	18	23	45	2.86	27.6	7.5	-2.04	82.10	535.8									
	2018	1	19	0	0	3.32	17.5	6.8	-2.09	84.10	535.8									
	2018	1	19	0	15	3.12	5.6	5.2	-2.30	86.80	535.8									
	2018	1	19	0	30	3.58	15.6	10.6	-2.41	87.50	535.8									
	2018	1	19	0	45	2.71	17.9	8.2	-2.51	90.50	535.8									
	2018	1	19	1	0	0.91	345.7	41.4	-2.53	91.90	535.3									
	2018	1	19	1	15	2.71	350.2	17.6	-2.15	83.60	535.3									
	2018	1	19	1	30	2.46	9.0	6.1	-2.29	84.10	535.3									
	2018	1	19	1	45	2.37	16.9	7.9	-2.46	88.00	535.3									
	2018	1	19	2	0	1.86	11.5	11.1	-2.57	91.30	534.7									
	2018	1	19	2	15	2.55	32.6	7.1	-2.58	91.10	534.7									
	2018	1	19	2	30	3.78	27.0	8.4	-2.53	90.60	534.7									
	2018	1	19	2	45	3.15	7.1	8.8	-2.78	94.90	534.7									
	2018	1	19	3	0	2.21	356.7	22.2	-2.88	97.20	534.2									
	2018	1	19	3	15	3.42	27.4	9.2	-2.77	96.60	534.2									
	2018	1	19	3	30	3.88	41.2	7.3	-2.80	95.80	534.2									
	2018	1	19	3	45	3.27	62.1	18.7	-2.83	94.00	534.2									
	2018	1	19	4	0	3.37	55.6	3.3	-2.71	93.00	534.3									
	2018	1	19	4	15	3.10	58.0	9.5	-2.83	93.40	534.3									
	2018	1	19	4	30	2.92	45.8	4.0	-3.05	93.70	534.3									
	2018	1	19	4	45	2.62	24.7	12.4	-3.10	90.00	534.3									
	2018	1	19	7	30	2.00	25.9	2.2	-2.80	94.20	-999.9									
	2018	1	19	7	45	2.94	38.3	10.0	-2.46	91.50	-999.9									
	2018	1	19	8	0	2.44	51.4	13.6	-2.23	91.90	535.4									
	2018	1	19	8	15	2.02	31.4	6.4	-1.59	88.20	535.4									
	2018	1	19	8	30	2.54	69.7	27.1	-1.66	90.30	535.4									
	2018	1	19	8	45	1.83	74.1	32.4	-1.42	91.40	535.4									
	2018	1	19	9	0	2.20	39.0	25.0	-1.56	95.50	535.8									
	2018	1	19	9	15	2.76	70.6	18.8	-1.56	96.40	535.8									
	2018	1	19	9	30	2.84	29.6	6.4	-1.32	95.40	535.8									
	2018	1	19	9	45	2.84	36.6	30.6	-1.34	93.80	535.8									
	2018	1	19	10	0	2.99	30.5	15.2	-1.06	92.90	536.1									
	2018	1	19	10	15	2.87	19.1	14.4	-0.91	94.60	536.1									
	2018	1	19	10	30	3.62	24.3	14.4	-0.52	93.90	536.1									
	2018	1	19	10	45	3.23	35.4	23.5	0.40	92.40	536.1									
	2018	1	19	11	0	2.97	54.8	50.6	0.49	92.30	536.3									
	2018	1	19	11	15	3.38	55.0	25.3	0.00	95.70	536.3									
	2018	1	19	11	30	3.76	33.4	18.3	0.33	96.10	536.3									
	2018	1	19	11	45	4.08	40.6	12.8	0.39	96.30	536.3									
	2018	1	19	12	0	4.67	40.3	14.8	0.59	96.20	536.0									
	2018	1	19	12	15	5.88	49.0	13.1	0.40	95.60	536.0									
	2018	1	19	12	30	4.82	38.6	14.5	0.87	92.10	536.0									
	2018	1	19	12	45	4.12	36.1	16.8	0.57	93.00	536.0									
	2018	1	19	13	0	3.12	27.7	23.6	1.14	89.80	535.9									
	2018	1	19	13	15	4.89	41.0	21.7	0.93	94.00	535.9									
	2018	1	19	13	30	3.95	44.7	17.8	0.64	97.70	535.9									
	2018	1	19	13	45	5.44	26.4	8.6	0.36	88.40	535.9									
	2018	1	19	14	0	4.35	41.7	19.3	0.51	91.80	535.5									
	2018	1	19	14	15	4.39	50.7	22.1	1.30	91.50	535.5									
	2018	1	19	14	30	3.92	55.8	24.7	1.05	94.60	535.5									
	2018	1	19	14	45	3.16	36.8	16.4	0.71	90.40	535.5									
	2018	1	19	15	0	3.32	99.5	34.4	1.25	93.90	535.1									
	2018	1	19	15	15	4.13	98.6	23.5	0.85	98.20	535.1									
	2018	1	19	15	30	2.51	81.3	60.9	0.47	99.10	535.1									
	2018	1	19	15	45	1.77	11.7	62.1	0.08	99.30	535.1									
	2018	1	19	16	0	1.59	308.9	44.2	-0.22	99.60	534.6									
	2018	1	19	16	15	1.18	312.3	17.2	-0.34	99.70	534.6									
	2018	1	19	16	30	0.61	67.7	67.4	-0.50	99.70	534.6									
	2018	1	19	16	45	2.67	108.8	18.8	-0.53	99.70	534.6									
	2018	1	19	17	0	2.96	100.7	14.4	-0.56	99.90	534.3									
	2018	1	19	17	15	2.96	83.0	17.1	-0.59	100.00	534.3									
	2018	1	19	17	30	3.42	42.2	14.5	-0.70	100.00	534.3									
	2018	1	19	17	45	3.67	48.0	20.7	-0.85	100.00	534.3									
	2018	1	19	18	0	3.90	66.6	11.0	-1.06	100.00	534.1									
	2018	1	19	18	15	3.90	62.9	9.3	-1.21	99.80	534.1									
	2018	1	19	18	30	4.26	71.3	19.8	-1.21	99.80	534.1									
	2018	1	19	18	45	4.28	50.8	11.5	-1.19	99.90	534.1									
	2018	1	19	19	0	4.16	45.5	12.4	-1.14	100.00	534.5									
	2018	1	19	19	15	3.63	49.1	9.7	-1.15	100.00	534.5									
	2018	1	19	19	30	3.05	34.4	11.1	-1.45	99.90	534.5									
	2018	1	19	19	45	1.75	339.1	32.3	-1.50	99.60	534.5									
	2018	1	19	20	0	2.34	263.3	14.2	-1.15	99.40	534.7									
	2018	1	19	20	15	2.40	266.8	8.4	-1.13	99.30	534.7									
	2018	1	19	20	30	1.45	282.3	16.6	-1.08	99.50	534.7									
	2018	1	19	20	45	0.34	274.5	6.5	-1.18	99.60	534.7									
	2018	1	19	21	0	-999.90	-999.9	-999.9	-1.29	99.50	535.1									
	2018	1	19	21	15	-999.90	-999.9	-999.9	-1.07	99.50	535.1									
	2018	1	19	21	30	-999.90	-999.9	-999.9	-1.22	99.60	535.1									
	2018	1	19	21	45	-999.90	-999.9	-999.9	-1.43	99.40	535.1									
	2018	1	19	22	0	-999.90	-999.9	-999.9	-1.45	99.40	535.3									
	2018	1	19	22	15	-999.90	-999.9	-999.9	-1.51	99.40	535.3									
	2018	1	19	22	30	-999.90	-999.9	-999.9	-1.52	99.30	535.3									
	2018	1	19	22	45	-999.90	-999.9	-999.9	-1.73	99.20	535.3									
	2018	1	19	23	0	-999.90	-999.9	-999.9	-1.62	99.30	535.6									
	2018	1	19	23	15	-999.90	-999.9	-999.9	-1.48	99.30	535.6									
	2018	1	19	23	30	-999.90	-999.9	-999.9	-1.49	99.40	535.6									
	2018	1	19	23	45	-999.90	-999.9	-999.9	-1.54	99.30	535.6									
	2018	1	20	0	0	-999.90	-999.9	-999.9	-1.70	99.30	535.1									
	2018	1	20	0	15	-999.90	-999.9	-999.9	-1.78	99.40	535.1									
	2018	1	20	0	30	-999.90	-999.9	-999.9	-1.93	99.30	535.1									
	2018	1	20	0	45	-999.90	-999.9	-999.9	-1.95	99.30	535.1									
	2018	1	20	1	0	-999.90	-999.9	-999.9	-2.17	99.10	534.8									
	2018	1	20	1	15	-999.90	-999.9	-999.9	-2.40	99.00	534.8									
	2018	1	20	8	45	-999.90	-999.9	-999.9	-2.38	97.50	-999.9									
	2018	1	20	9	0	4.61	18.2	14.7	-2.20	96.90	535.2									
	2018	1	20	9	15	3.95	26.3	17.2	-1.81	96.00	535.2									
	2018	1	20	9	30	3.27	25.4	13.2	-1.45	95.30	535.2									
	2018	1	20	9	45	2.64	12.2	18.3	-0.90	95.10	535.2									
	2018	1	20	10	0	4.00	20.9	15.2	-1.07	95.30	535.5									
	2018	1	20	10	15	3.06	32.4	10.5	-0.99	95.50	535.5									
	2018	1	20	10	30	2.75	25.4	13.7	-0.99	95.50	535.5									
	2018	1	20	10	45	4.83	55.2	23.4	-0.57	97.60	535.5									
	2018	1	20	11	0	4.69	37.3	9.8	-0.62	96.90	535.5									
	2018	1	20	11	15	4.98	39.0	14.8	-0.80	96.60	535.5									
	2018	1	20	11	30	5.42	31.7	8.8	-0.82	96.40	535.5									
	2018	1	20	11	45	6.35	30.2	9.1	-0.59	96.90	535.5									
	2018	1	20	12	0	7.34	25.4	9.7	-0.64	96.80	535.1									
	2018	1	20	12	15	7.40	31.1	7.4	-0.32	97.20	535.1									
	2018	1	20	12	30	6.90	23.1	12.2	-0.35	95.20	535.1									
	2018	1	20	12	45	4.98	24.5	10.7	0.24	93.60	535.1									
	2018	1	20	13	0	5.44	30.0	8.5	0.28	97.30	535.0									
	2018	1	20	13	15	6.43	58.2	16.8	0.48	99.50	535.0									
	2018	1	20	13	30	6.18	44.9	17.1	0.43	99.80	535.0									
	2018	1	20	13	45	7.94	50.1	22.9	0.13	100.00	535.0									
	2018	1	20	14	0	7.35	37.3	12.4	-0.62	100.00	534.5									
	2018	1	20	14	15	5.31	34.8	18.0	-0.53	100.00	534.5									
	2018	1	20	14	30	5.17	34.9	9.4	-0.88	99.50	534.5									
	2018	1	20	14	45	6.22	57.0	20.7	0.04	99.90	534.5									
	2018	1	20	15	0	6.25	68.2	20.3	0.19	99.70	533.9									
	2018	1	20	15	15	5.11	54.9	29.9	0.30	99.60	533.9									
	2018	1	20	15	30	4.43	22.5	14.6	-0.24	98.40	533.9									
	2018	1	20	15	45	3.69	34.5	20.7	-0.16	97.30	533.9									
	2018	1	20	16	0	2.51	341.8	39.4	-0.14	96.00	533.8									
	2018	1	20	16	15	1.89	18.6	17.9	-0.39	98.10	533.8									
	2018	1	20	16	30	1.90	2.3	27.4	-0.95	98.70	533.8									
	2018	1	20	16	45	1.92	1.2	28.2	-1.24	99.00	533.8									
	2018	1	20	17	0	1.04	2.0	71.3	-1.03	99.20	533.5									
	2018	1	20	17	15	1.38	328.7	18.2	-0.90	99.40	533.5									
	2018	1	20	17	30	1.20	337.6	11.5	-1.01	99.30	533.5									
	2018	1	20	17	45	0.32	266.5	57.3	-0.67	99.10	533.5									
	2018	1	20	18	0	0.90	209.9	17.9	-0.86	99.00	533.7									
	2018	1	20	18	15	1.62	227.5	18.0	-0.98	99.20	533.7									
	2018	1	20	18	30	1.60	235.3	15.0	-0.97	99.20	533.7									
	2018	1	20	18	45	2.56	224.2	12.5	-1.32	99.10	533.7									
	2018	1	20	19	0	2.61	232.6	12.7	-1.40	97.60	533.9									
	2018	1	20	19	15	2.38	233.1	7.3	-1.48	96.70	533.9									
	2018	1	20	19	30	2.62	241.1	11.6	-1.56	93.40	533.9									
	2018	1	20	19	45	2.75	245.6	9.3	-1.27	89.80	533.9									
	2018	1	20	20	0	2.44	239.5	4.0	-1.25	92.00	534.5									
	2018	1	20	20	15	3.03	243.7	7.4	-1.39	97.80	534.5									
	2018	1	20	20	30	2.94	241.5	9.8	-1.58	98.50	534.5									
	2018	1	20	20	45	3.43	221.1	6.3	-1.32	91.60	534.5									
	2018	1	20	21	0	2.62	220.7	12.1	-1.44	93.00	534.8									
	2018	1	20	21	15	1.57	233.1	3.1	-1.61	95.40	534.8									
	2018	1	20	21	30	0.53	175.0	48.7	-1.56	92.50	534.8									
	2018	1	20	21	45	1.69	141.4	25.8	-1.27	88.80	534.8									
	2018	1	20	22	0	1.87	145.1	9.9	-1.21	87.20	535.1									
	2018	1	20	22	15	2.20	144.0	16.0	-1.39	89.10	535.1									
	2018	1	20	22	30	0.81	82.4	69.0	-1.45	91.00	535.1									
	2018	1	20	22	45	1.66	85.9	24.9	-1.53	94.50	535.1									
	2018	1	20	23	0	1.73	202.7	21.9	-1.41	95.40	535.3									
	2018	1	20	23	15	2.63	220.9	8.8	-1.63	98.60	535.3									
	2018	1	20	23	30	2.15	194.5	16.4	-2.02	98.80	535.3									
	2018	1	20	23	45	0.95	222.1	46.5	-2.09	98.50	535.3									
	2018	1	21	0	0	0.44	309.3	20.2	-2.06	98.40	534.7									
	2018	1	21	0	15	0.69	226.5	8.7	-2.08	98.40	534.7									
	2018	1	21	0	30	0.50	261.1	22.6	-2.02	98.50	534.7									
	2018	1	21	0	45	1.50	264.0	28.2	-2.01	98.80	534.7									
	2018	1	21	1	0	1.44	22.5	16.2	-2.22	98.60	534.1									
	2018	1	21	1	15	2.38	100.5	39.0	-2.02	95.00	534.1									
	2018	1	21	1	30	3.32	162.6	21.7	-1.34	85.00	534.1									
	2018	1	21	1	45	2.04	122.2	19.1	-1.94	92.30	534.1									
	2018	1	21	2	0	1.00	153.6	60.0	-2.02	93.20	533.8									
	2018	1	21	2	15	0.67	171.0	31.8	-1.90	92.10	533.8									
	2018	1	21	10	45	3.53	104.8	13.2	1.00	94.20	-999.9									
	2018	1	21	11	0	3.96	86.6	44.8	1.54	93.00	535.2									
	2018	1	21	11	15	4.24	112.1	31.0	1.98	95.40	535.2									
	2018	1	21	11	30	3.44	129.7	35.1	2.08	95.80	535.2									
	2018	1	21	11	45	4.34	101.4	27.0	1.93	97.40	535.2									
	2018	1	21	12	0	3.68	115.1	32.8	2.19	97.70	535.0									
	2018	1	21	12	15	3.52	139.3	42.4	1.34	99.10	535.0									
	2018	1	21	12	30	4.45	102.9	27.9	1.36	99.10	535.0									
	2018	1	21	12	45	5.80	98.3	13.3	1.27	99.50	535.0									
	2018	1	21	13	0	5.09	80.2	17.9	0.95	100.00	534.7									
	2018	1	21	13	15	4.49	83.6	17.6	0.72	100.00	534.7									
	2018	1	21	13	30	4.20	75.3	20.2	0.81	99.80	534.7									
	2018	1	21	13	45	4.84	58.3	20.6	0.70	100.00	534.7									
	2018	1	21	14	0	5.48	63.3	14.5	0.81	99.70	534.0									
	2018	1	21	14	15	6.06	85.9	17.8	0.94	99.30	534.0									
	2018	1	21	14	30	3.05	79.1	20.1	1.23	98.80	534.0									
	2018	1	21	14	45	2.82	56.9	20.5	0.98	98.20	534.0									
	2018	1	21	15	0	2.87	95.7	30.8	1.39	96.90	533.8									
	2018	1	21	15	15	4.18	93.9	21.4	1.76	95.60	533.8									
	2018	1	21	15	30	3.29	126.6	47.1	2.00	95.50	533.8									
	2018	1	21	15	45	4.47	98.4	23.2	1.86	94.90	533.8									
	2018	1	21	16	0	3.35	114.1	18.5	1.43	96.30	533.3									
	2018	1	21	16	15	3.39	106.4	24.1	0.74	96.60	533.3									
	2018	1	21	16	30	1.83	110.6	71.7	0.65	96.40	533.3									
	2018	1	21	16	45	2.88	92.0	17.0	0.45	96.40	533.3									
	2018	1	21	17	0	3.03	83.3	36.1	0.12	99.80	533.0									
	2018	1	21	17	15	1.66	31.9	51.1	0.34	99.90	533.0									
	2018	1	21	17	30	1.58	186.6	42.2	1.63	93.90	533.0									
	2018	1	21	17	45	2.47	161.3	37.4	0.85	95.20	533.0									
	2018	1	21	18	0	3.33	235.1	25.7	0.53	98.10	533.1									
	2018	1	21	18	15	2.19	190.8	40.0	0.32	98.60	533.1									
	2018	1	21	18	30	2.13	193.3	28.3	0.31	99.20	533.1									
	2018	1	21	18	45	3.07	208.8	26.8	0.20	99.80	533.1									
	2018	1	21	19	0	2.33	204.0	36.3	0.07	100.00	533.5									
	2018	1	21	19	15	6.19	227.5	27.4	-0.97	100.00	533.5									
	2018	1	21	19	30	6.82	218.4	13.6	-1.69	100.00	533.5									
	2018	1	21	19	45	6.51	208.0	13.7	-1.60	100.00	533.5									
	2018	1	21	20	0	5.67	213.6	11.3	-1.71	100.00	533.7									
	2018	1	21	20	15	4.65	207.2	22.2	-1.49	100.00	533.7									
	2018	1	21	20	30	3.82	149.9	24.8	-1.35	100.00	533.7									
	2018	1	21	20	45	5.11	149.4	10.3	-1.81	99.90	533.7									
	2018	1	21	21	0	6.01	145.9	14.3	-2.05	98.70	533.7									
	2018	1	21	21	15	5.79	134.4	16.4	-2.06	93.30	533.7									
	2018	1	21	21	30	5.86	135.6	8.1	-1.92	88.90	533.7									
	2018	1	21	21	45	4.69	147.5	14.4	-1.60	86.40	533.7									
	2018	1	21	22	0	3.76	156.8	34.4	-1.54	86.20	534.3									
	2018	1	21	22	15	2.15	178.1	45.6	-1.75	92.70	534.3									
	2018	1	21	22	30	2.62	156.9	23.4	-1.75	98.30	534.3									
	2018	1	22	7	15	4.28	59.8	15.3	-1.82	94.90	-999.9									
	2018	1	22	7	30	4.70	44.9	10.8	-2.05	96.60	-999.9									
	2018	1	22	7	45	4.99	53.7	19.8	-2.02	97.20	-999.9									
	2018	1	22	8	0	7.15	50.2	11.6	-2.23	98.50	533.5									
	2018	1	22	8	15	8.08	71.6	19.9	-1.86	95.10	533.5									
	2018	1	22	8	30	8.13	68.0	5.0	-1.73	90.80	533.5									
	2018	1	22	8	45	7.04	50.5	13.5	-1.47	92.20	533.5									
	2018	1	22	9	0	6.87	69.9	10.2	-0.85	90.50	534.1									
	2018	1	22	9	15	6.42	88.5	17.5	-0.24	92.50	534.1									
	2018	1	22	9	30	4.25	71.9	17.9	-0.76	96.60	534.1									
	2018	1	22	9	45	4.36	65.7	16.8	-0.68	98.90	534.1									
	2018	1	22	10	0	4.50	51.3	21.4	-0.39	98.30	534.3									
	2018	1	22	10	15	3.41	53.9	17.6	-0.19	98.80	534.3									
	2018	1	22	10	30	3.71	44.5	20.3	-0.03	98.90	534.3									
	2018	1	22	10	45	4.32	48.0	15.6	0.01	98.90	534.3									
	2018	1	22	11	0	4.89	71.1	20.4	0.19	96.30	534.3									
	2018	1	22	11	15	3.91	63.7	32.0	0.44	94.50	534.3									
	2018	1	22	11	30	3.87	69.2	46.9	0.59	92.30	534.3									
	2018	1	22	11	45	4.26	68.1	25.0	0.92	91.20	534.3									
	2018	1	22	12	0	4.32	65.6	25.3	1.02	89.10	534.1									
	2018	1	22	12	15	4.06	68.5	27.7	1.17	89.40	534.1									
	2018	1	22	12	30	3.90	68.3	31.8	0.97	93.00	534.1									
	2018	1	22	12	45	4.80	33.4	14.1	0.50	93.00	534.1									
	2018	1	22	13	0	5.45	44.5	19.7	0.18	95.90	533.7									
	2018	1	22	13	15	6.00	43.4	20.8	0.18	95.20	533.7									
	2018	1	22	13	30	7.07	50.4	18.1	-0.04	97.70	533.7									
	2018	1	22	13	45	6.00	42.4	26.6	-0.03	93.40	533.7									
	2018	1	22	14	0	7.87	60.9	16.0	0.96	86.60	533.2									
	2018	1	22	14	15	7.19	50.3	14.2	1.31	92.50	533.2									
	2018	1	22	14	30	6.58	37.2	12.5	1.11	98.60	533.2									
	2018	1	22	14	45	6.20	45.3	18.2	0.87	97.10	533.2									
	2018	1	22	15	0	5.37	30.9	13.0	0.94	97.60	533.0									
	2018	1	22	15	15	5.43	38.6	13.7	0.45	98.20	533.0									
	2018	1	22	15	30	4.96	59.0	25.0	0.83	90.20	533.0									
	2018	1	22	15	45	5.52	68.7	23.4	1.69	82.40	533.0									
	2018	1	22	16	0	6.35	31.5	9.2	0.93	77.13	532.7									
	2018	1	22	16	15	4.67	26.8	26.3	0.41	80.50	532.7									
	2018	1	22	16	30	3.82	100.2	29.0	0.47	88.20	532.7									
	2018	1	22	16	45	2.57	102.9	29.3	-0.63	97.50	532.7									
	2018	1	22	17	0	1.89	133.5	36.0	0.69	83.20	532.2									
	2018	1	22	17	15	2.76	251.5	42.5	3.41	64.09	532.2									
	2018	1	22	17	30	2.91	248.0	52.9	3.90	66.50	532.2									
	2018	1	22	17	45	2.35	247.8	29.6	3.71	67.67	532.2									
	2018	1	22	18	0	1.90	271.8	40.1	3.19	73.52	532.3									
	2018	1	22	18	15	0.88	253.7	58.8	2.38	78.90	532.3									
	2018	1	22	18	30	3.03	241.4	35.3	2.89	73.65	532.3									
	2018	1	22	18	45	3.33	231.4	16.5	2.84	68.30	532.3									
	2018	1	22	19	0	2.61	206.4	41.5	2.55	70.54	532.5									
	2018	1	22	19	15	2.43	198.6	24.5	1.14	78.91	532.5									
	2018	1	22	19	30	2.19	192.8	31.9	0.74	86.50	532.5									
	2018	1	22	19	45	2.14	161.0	24.2	0.10	92.00	532.5									
	2018	1	22	20	0	1.70	132.0	16.9	-0.28	92.90	532.8									
	2018	1	22	20	15	1.43	199.7	50.9	-0.29	94.30	532.8									
	2018	1	22	20	30	1.14	224.4	21.5	-0.25	95.30	532.8									
	2018	1	22	20	45	1.35	198.5	28.3	-0.29	96.50	532.8									
	2018	1	22	21	0	1.29	186.8	35.2	-0.39	96.40	533.3									
	2018	1	22	21	15	2.05	159.6	25.9	-0.49	95.30	533.3									
	2018	1	22	21	30	2.05	130.4	14.8	-0.79	97.40	533.3									
	2018	1	22	21	45	1.87	85.3	9.6	-0.76	98.40	533.3									
	2018	1	22	22	0	2.39	142.3	23.6	-0.61	98.00	533.6									
	2018	1	22	22	15	1.72	108.9	38.1	-0.75	97.90	533.6									
	2018	1	22	22	30	2.23	62.5	8.8	-0.96	97.30	533.6									
	2018	1	22	22	45	2.24	120.4	30.7	-0.73	93.40	533.6									
	2018	1	22	23	0	2.54	120.0	17.8	-0.90	91.50	533.7									
	2018	1	22	23	15	3.10	71.7	21.4	-0.92	82.30	533.7									
	2018	1	22	23	30	4.28	41.2	30.0	-1.14	79.98	533.7									
	2018	1	22	23	45	5.61	32.6	8.6	-2.36	89.60	533.7									
	2018	1	23	0	0	7.11	86.6	14.6	-2.59	87.70	533.3									
	2018	1	23	0	15	5.26	107.2	5.7	-3.47	96.80	533.3									
	2018	1	23	0	30	5.63	112.0	3.2	-3.63	97.30	533.3									
	2018	1	23	0	45	7.63	100.8	6.9	-3.56	97.50	533.3									
	2018	1	23	1	0	7.42	98.1	5.7	-3.64	97.50	532.8									
	2018	1	23	1	15	5.77	104.5	12.1	-3.75	96.70	532.8									
	2018	1	23	1	30	8.19	84.3	2.4	-3.43	93.10	532.8									
	2018	1	23	1	45	7.65	78.0	6.1	-3.24	91.80	532.8									
	2018	1	23	2	0	7.78	65.1	15.1	-2.86	86.40	532.4									
	2018	1	23	2	15	8.41	46.0	8.6	-3.00	89.10	532.4									
	2018	1	23	2	30	9.79	45.9	5.4	-2.62	82.70	532.4									
	2018	1	23	2	45	7.70	31.7	5.1	-2.73	83.10	532.4									
	2018	1	23	3	0	7.80	37.5	4.9	-3.18	88.30	532.4									
	2018	1	23	3	15	6.34	51.0	18.4	-2.84	83.80	532.4									
	2018	1	23	3	30	5.37	84.2	12.3	-2.97	83.90	532.4									
	2018	1	23	3	45	6.54	88.4	13.6	-3.43	95.00	532.4									
	2018	1	23	7	30	-999.90	-999.9	-999.9	-4.30	93.40	-999.9									
	2018	1	23	7	45	6.88	77.5	17.8	-4.05	96.00	-999.9									
	2018	1	23	8	0	9.75	48.1	10.3	-3.74	90.30	533.0									
	2018	1	23	8	15	8.15	51.5	17.1	-3.65	92.70	533.0									
	2018	1	23	8	30	6.38	64.8	27.6	-3.02	93.30	533.0									
	2018	1	23	8	45	7.78	47.9	9.9	-2.79	90.70	533.0									
	2018	1	23	9	0	6.88	46.8	16.6	-2.47	87.80	533.9									
	2018	1	23	9	15	7.20	38.4	7.5	-2.51	85.80	533.9									
	2018	1	23	9	30	5.07	49.3	22.7	-1.87	78.38	533.9									
	2018	1	23	9	45	5.31	43.8	19.5	-1.23	72.92	533.9									
	2018	1	23	10	0	5.65	37.9	6.0	-1.14	72.44	534.3									
	2018	1	23	10	15	4.69	32.4	10.1	-0.90	70.79	534.3									
	2018	1	23	10	30	2.75	17.1	14.9	0.49	67.55	534.3									
	2018	1	23	10	45	2.08	316.6	31.1	1.63	65.54	534.3									
	2018	1	23	11	0	3.36	332.4	28.5	0.96	66.27	534.5									
	2018	1	23	11	15	3.27	351.6	26.7	1.93	66.39	534.5									
	2018	1	23	11	30	1.92	311.4	58.4	3.32	61.52	534.5									
	2018	1	23	11	45	1.97	299.5	71.4	1.52	77.40	534.5									
	2018	1	23	12	0	2.31	347.1	51.5	1.36	77.99	534.3									
	2018	1	23	12	15	2.17	303.0	42.9	0.85	81.30	534.3									
	2018	1	23	12	30	1.27	274.0	56.6	1.15	83.10	534.3									
	2018	1	23	12	45	1.68	49.7	54.2	0.92	84.70	534.3									
	2018	1	23	13	0	2.08	136.4	52.6	-0.13	93.50	534.2									
	2018	1	23	13	15	2.11	146.8	53.3	-0.80	97.30	534.2									
	2018	1	23	13	30	1.89	64.8	47.0	-0.68	98.10	534.2									
	2018	1	23	13	45	2.00	327.5	56.2	-0.96	98.60	534.2									
	2018	1	23	14	0	2.04	4.3	53.5	-1.00	98.80	533.7									
	2018	1	23	14	15	4.65	52.9	14.7	-0.87	99.10	533.7									
	2018	1	23	14	30	3.57	52.2	19.1	-0.72	99.50	533.7									
	2018	1	23	14	45	4.13	39.2	20.7	-0.24	99.50	533.7									
	2018	1	23	15	0	4.09	53.7	19.7	0.05	99.70	533.2									
	2018	1	23	15	15	3.20	49.9	22.6	0.11	98.50	533.2									
	2018	1	23	15	30	4.16	82.9	14.8	0.50	96.50	533.2									
	2018	1	23	15	45	4.41	83.2	16.2	-0.02	98.10	533.2									
	2018	1	23	16	0	3.22	70.3	20.3	-0.30	99.30	532.8									
	2018	1	23	16	15	2.41	44.7	47.4	-0.14	98.60	532.8									
	2018	1	23	16	30	2.64	54.7	32.0	-0.27	98.50	532.8									
	2018	1	23	16	45	2.12	53.9	44.3	-0.28	99.00	532.8									
	2018	1	23	17	0	2.91	83.6	40.7	-0.50	99.30	532.7									
	2018	1	23	17	15	2.95	95.9	24.5	-1.27	99.40	532.7									
	2018	1	23	17	30	2.64	73.3	26.6	-1.27	99.60	532.7									
	2018	1	23	17	45	1.88	55.3	30.1	-1.55	99.50	532.7									
	2018	1	23	18	0	2.44	42.3	15.3	-1.67	99.40	532.7									
	2018	1	23	18	15	3.41	70.5	12.8	-1.64	99.30	532.7									
	2018	1	23	18	30	3.07	42.3	10.7	-1.71	99.30	532.7									
	2018	1	23	18	45	3.42	24.3	15.7	-1.78	99.20	532.7									
	2018	1	23	19	0	3.12	22.1	16.2	-1.97	99.20	532.8									
	2018	1	23	19	15	1.99	2.5	6.3	-1.95	98.10	532.8									
	2018	1	23	19	30	1.55	291.9	39.7	-1.27	91.70	532.8									
	2018	1	23	19	45	1.74	328.2	21.2	-1.24	90.00	532.8									
	2018	1	23	20	0	2.28	276.8	36.6	-1.01	87.60	533.2									
	2018	1	23	20	15	2.48	252.3	10.2	-0.79	85.40	533.2									
	2018	1	23	20	30	2.42	243.4	11.0	-0.94	86.20	533.2									
	2018	1	23	20	45	2.27	264.7	11.3	-1.06	86.70	533.2									
	2018	1	23	21	0	2.93	243.9	7.2	-1.24	88.00	533.7									
	2018	1	23	21	15	3.35	255.9	9.6	-1.41	88.00	533.7									
	2018	1	23	21	30	4.05	250.2	8.1	-1.61	92.40	533.7									
	2018	1	23	21	45	3.15	258.7	7.7	-1.72	94.10	533.7									
	2018	1	23	22	0	1.80	275.5	8.9	-1.73	95.30	534.2									
	2018	1	23	22	15	1.29	279.2	10.4	-1.53	91.90	534.2									
	2018	1	23	22	30	1.45	262.5	22.7	-1.42	90.00	534.2									
	2018	1	23	22	45	1.26	221.5	14.8	-1.15	86.10	534.2									
	2018	1	23	23	0	1.23	218.6	16.2	-1.32	89.70	534.5									
	2018	1	23	23	15	1.40	224.4	13.5	-1.77	96.90	534.5									
	2018	1	23	23	30	0.17	30.9	31.3	-1.73	98.30	534.5									
	2018	1	23	23	45	0.02	32.9	0.0	-1.73	98.50	534.5									
	2018	1	24	10	45	6.24	341.9	14.7	-2.05	95.40	-999.9									
	2018	1	24	11	0	4.84	342.0	22.1	-1.52	95.70	535.1									
	2018	1	24	11	15	4.37	335.7	11.3	-1.03	96.50	535.1									
	2018	1	24	11	30	4.68	2.7	34.2	-0.97	95.40	535.1									
	2018	1	24	11	45	3.12	357.5	26.9	-0.59	95.40	535.1									
	2018	1	24	12	0	3.74	28.9	13.8	-1.07	96.90	534.7									
	2018	1	24	12	15	5.32	23.6	7.7	-1.78	98.10	534.7									
	2018	1	24	12	30	5.85	37.1	7.8	-2.14	98.40	534.7									
	2018	1	24	12	45	8.59	41.3	5.9	-2.03	98.70	534.7									
	2018	1	24	13	0	8.19	22.9	12.5	-1.81	98.90	534.5									
	2018	1	24	13	15	7.96	24.7	7.3	-1.51	99.00	534.5									
	2018	1	24	13	30	6.38	24.7	7.6	-1.29	99.10	534.5									
	2018	1	24	13	45	7.56	19.4	7.3	-0.59	99.30	534.5									
	2018	1	24	14	0	7.22	32.2	8.3	-0.57	99.30	534.2									
	2018	1	24	14	15	4.99	6.3	16.0	-0.60	99.30	534.2									
	2018	1	24	14	30	3.92	349.2	17.1	0.14	99.40	534.2									
	2018	1	24	14	45	3.83	23.1	31.2	0.34	98.70	534.2									
	2018	1	24	15	0	2.26	358.7	25.9	0.88	97.90	534.3									
	2018	1	24	15	15	1.88	317.7	44.8	0.76	98.40	534.3									
	2018	1	24	15	30	1.92	307.7	37.7	0.69	99.00	534.3									
	2018	1	24	15	45	1.54	300.8	44.6	0.38	99.90	534.3									
	2018	1	24	16	0	1.66	294.0	34.7	0.18	100.00	533.8									
	2018	1	24	16	15	1.72	311.0	34.6	0.24	100.00	533.8									
	2018	1	24	16	30	1.78	352.9	17.4	0.12	100.00	533.8									
	2018	1	24	16	45	2.67	11.9	15.1	0.08	100.00	533.8									
	2018	1	24	17	0	3.32	21.1	10.8	-0.30	100.00	533.6									
	2018	1	24	17	15	1.10	359.6	49.2	-0.04	99.80	533.6									
	2018	1	24	17	30	1.70	339.9	23.4	-0.12	99.30	533.6									
	2018	1	24	17	45	2.95	322.2	11.4	-0.49	98.60	533.6									
	2018	1	24	18	0	2.70	305.3	25.9	-0.31	98.50	533.3									
	2018	1	24	18	15	3.21	316.5	16.4	-0.05	99.40	533.3									
	2018	1	24	18	30	2.31	290.2	25.7	0.17	99.90	533.3									
	2018	1	24	18	45	0.86	338.8	41.4	0.32	100.00	533.3									
	2018	1	24	19	0	1.05	325.8	50.2	0.04	100.00	533.8									
	2018	1	24	19	15	1.61	341.8	20.7	-0.33	99.80	533.8									
	2018	1	24	19	30	1.33	341.2	54.4	-0.32	99.90	533.8									
	2018	1	24	19	45	2.15	349.6	14.8	-0.69	99.90	533.8									
	2018	1	24	20	0	3.31	14.0	20.4	-1.25	94.90	534.0									
	2018	1	26	11	45	3.14	265.3	5.0	-1.24	99.00	-999.9									
	2018	1	26	12	0	3.89	265.4	21.5	-1.11	98.60	534.8									
	2018	1	26	12	15	4.14	253.0	16.4	-0.69	99.20	-999.9									
	2018	1	26	12	30	4.24	264.4	15.7	-0.71	98.10	-999.9									
	2018	1	26	12	45	4.13	264.9	19.9	-0.45	98.10	-999.9									
	2018	1	26	13	0	4.83	271.1	24.0	-0.58	98.10	534.7									
	2018	1	26	13	15	5.45	277.6	14.8	-0.25	98.50	534.7									
	2018	1	26	13	30	5.94	278.4	21.0	-0.36	98.10	534.7									
	2018	1	26	13	45	5.51	278.4	20.2	-0.07	97.50	534.7									
	2018	1	26	14	0	5.10	265.9	30.7	-0.20	96.50	534.2									
	2018	1	26	14	15	5.10	270.6	32.1	-0.09	98.30	534.2									
	2018	1	26	14	30	5.13	270.1	28.1	0.11	99.10	534.2									
	2018	1	26	14	45	4.56	259.2	17.9	0.09	99.10	534.2									
	2018	1	26	15	0	4.55	274.7	25.1	0.46	97.80	533.8									
	2018	1	26	15	15	4.03	275.7	21.9	0.25	97.90	533.8									
	2018	1	26	15	30	5.13	266.9	31.0	0.48	95.70	533.8									
	2018	1	26	15	45	5.16	265.4	20.5	0.70	92.30	533.8									
	2018	1	26	16	0	4.84	283.1	25.0	1.13	90.40	533.3									
	2018	1	26	16	15	4.57	274.1	23.5	0.81	90.70	533.3									
	2018	1	26	16	30	4.76	273.1	37.7	0.93	88.80	533.3									
	2018	1	26	16	45	4.16	252.7	46.6	1.21	87.70	533.3									
	2018	1	26	17	0	3.54	273.7	37.2	0.87	88.60	533.1									
	2018	1	26	17	15	3.15	259.4	40.1	0.89	86.70	533.1									
	2018	1	26	17	30	3.07	245.6	12.5	1.31	87.70	533.1									
	2018	1	26	17	45	3.31	233.7	21.3	1.40	87.60	533.1									
	2018	1	26	18	0	3.65	227.6	11.3	0.59	90.30	533.0									
	2018	1	26	18	15	3.55	234.8	28.5	0.91	88.90	533.0									
	2018	1	26	18	30	3.52	235.1	15.2	0.52	92.00	533.0									
	2018	1	26	18	45	2.58	248.3	53.7	0.88	93.60	533.0									
	2018	1	26	19	0	2.92	242.3	14.0	0.53	95.20	533.3									
	2018	1	26	19	15	3.69	260.7	23.0	0.08	91.60	533.3									
	2018	1	26	19	30	8.59	244.2	30.3	-0.71	93.80	533.3									
	2018	1	26	19	45	9.25	264.8	16.8	-1.10	99.70	533.3									
	2018	1	26	20	0	9.20	259.1	27.7	-1.18	100.00	533.4									
	2018	1	26	20	15	9.29	268.1	23.5	-1.53	100.00	533.4									
	2018	1	26	20	30	8.39	258.2	23.2	-1.58	100.00	533.4									
	2018	1	26	20	45	7.41	260.9	24.0	-1.62	100.00	533.4									
	2018	1	26	21	0	5.12	258.7	37.6	-1.79	99.80	534.2									
	2018	1	26	21	15	3.60	256.6	22.5	-1.91	99.70	534.2									
	2018	1	26	21	30	3.11	258.9	33.5	-2.12	99.40	534.2									
	2018	1	26	21	45	5.66	267.0	25.0	-2.20	99.20	534.2									
	2018	1	27	8	15	2.58	281.5	11.7	-3.82	96.90	-999.9									
	2018	1	27	8	30	4.00	277.7	14.4	-3.33	97.00	-999.9									
	2018	1	27	8	45	4.57	248.5	14.4	-3.07	97.00	-999.9									
	2018	1	27	9	0	4.80	253.0	15.6	-3.02	97.00	533.7									
	2018	1	27	9	15	4.66	246.0	19.1	-2.77	97.10	533.7									
	2018	1	27	9	30	4.26	253.5	21.0	-2.66	96.90	533.7									
	2018	1	27	9	45	4.31	228.8	26.7	-2.17	97.30	533.7									
	2018	1	27	10	0	3.52	257.2	20.3	-2.03	97.50	534.0									
	2018	1	27	10	15	3.94	274.8	22.5	-2.08	97.60	534.0									
	2018	1	27	10	30	4.17	255.0	20.7	-2.17	97.40	534.0									
	2018	1	27	10	45	3.78	241.8	10.2	-1.83	97.10	534.0									
	2018	1	27	11	0	3.13	261.4	25.2	-1.78	96.60	534.3									
	2018	1	27	11	15	2.96	259.1	15.3	-1.72	96.60	534.3									
	2018	1	27	11	30	3.20	254.9	22.6	-1.56	96.30	534.3									
	2018	1	27	11	45	3.46	240.7	34.1	-1.47	95.50	534.3									
	2018	1	27	12	0	3.27	260.9	18.7	-1.34	95.90	534.2									
	2018	1	27	12	15	3.29	261.9	24.5	-1.12	95.40	534.2									
	2018	1	27	12	30	3.04	254.3	41.9	-1.01	95.70	534.2									
	2018	1	27	12	45	3.97	235.8	27.0	-1.16	94.80	534.2									
	2018	1	27	13	0	3.73	248.4	41.8	-1.18	94.70	534.1									
	2018	1	27	13	15	3.46	243.0	29.3	-0.75	94.10	534.1									
	2018	1	27	13	30	4.10	263.8	37.1	-0.70	94.50	534.1									
	2018	1	27	13	45	3.10	260.1	42.0	-0.36	94.50	534.1									
	2018	1	27	14	0	4.19	251.5	26.4	-0.72	94.60	533.7									
	2018	1	27	14	15	3.52	246.2	37.7	-0.41	93.10	533.7									
	2018	1	27	14	30	3.67	278.1	27.6	-0.33	91.30	533.7									
	2018	1	27	14	45	4.12	266.6	23.0	-0.40	89.10	533.7									
	2018	1	27	15	0	3.65	255.4	26.2	0.28	88.60	533.1									
	2018	1	27	15	15	4.11	291.0	27.7	0.27	87.70	533.1									
	2018	1	27	15	30	4.08	251.5	32.5	0.81	87.50	533.1									
	2018	1	27	15	45	4.13	258.8	24.5	0.50	90.30	533.1									
	2018	1	27	16	0	3.67	267.3	34.0	1.07	88.50	532.7									
	2018	1	27	16	15	3.58	266.9	23.6	1.34	87.20	532.7									
	2018	1	27	16	30	3.67	275.1	35.3	1.44	88.70	532.7									
	2018	1	27	16	45	3.57	265.9	37.0	1.36	89.30	532.7									
	2018	1	27	17	0	3.92	229.0	28.4	1.33	87.30	532.3									
	2018	1	27	17	15	3.25	228.5	18.8	1.71	86.70	532.3									
	2018	1	27	17	30	3.56	235.2	28.6	1.55	86.20	532.3									
	2018	1	27	17	45	3.53	245.7	12.7	1.49	85.90	532.3									
	2018	1	27	18	0	2.37	256.4	53.1	0.74	87.70	532.3									
	2018	1	27	18	15	2.66	255.7	39.5	0.67	86.80	532.3									
	2018	1	27	18	30	1.85	253.3	34.5	0.34	87.50	532.3									
	2018	1	27	18	45	1.55	269.6	51.6	0.12	87.30	532.3									
	2018	1	27	19	0	1.39	245.4	26.1	-0.16	86.90	532.7									
	2018	1	27	19	15	1.05	230.5	42.0	-0.26	88.40	532.7									
	2018	1	27	19	30	1.51	228.4	13.5	-0.38	89.40	532.7									
	2018	1	27	19	45	1.66	234.1	10.4	-0.47	89.10	532.7									
	2018	1	27	20	0	1.94	218.9	32.0	-0.33	88.40	533.0									
	2018	1	27	20	15	1.55	195.5	36.2	-0.42	89.30	533.0									
	2018	1	27	20	30	2.23	198.7	20.9	-0.31	87.80	533.0									
	2018	1	27	20	45	3.22	225.9	13.0	-0.22	86.80	533.0									
	2018	1	27	21	0	3.38	220.8	10.8	-0.32	87.60	533.2									
	2018	1	27	21	15	2.90	234.9	14.1	-0.57	89.40	533.2									
	2018	1	27	21	30	3.44	240.2	20.0	-0.83	88.50	533.2									
	2018	1	27	21	45	4.59	271.6	14.9	-1.16	88.40	533.2									
	2018	1	27	22	0	5.30	267.5	10.3	-0.97	97.40	533.5									
	2018	1	27	22	15	4.78	269.0	17.2	-0.99	98.40	533.5									
	2018	1	27	22	30	4.43	268.5	21.6	-0.77	99.30	533.5									
	2018	1	27	22	45	3.67	290.3	11.6	-0.84	99.60	533.5									
	2018	1	27	23	0	2.91	299.4	16.4	-1.10	99.70	533.7									
	2018	1	27	23	15	3.57	270.5	10.4	-0.89	99.80	533.7									
	2018	1	27	23	30	2.82	295.3	16.8	-1.05	99.90	533.7									
	2018	1	27	23	45	4.62	283.1	19.8	-1.38	99.80	533.7									
	2018	1	28	0	0	4.03	267.4	13.2	-1.55	99.30	533.3									
	2018	1	28	0	15	4.13	251.8	11.7	-1.44	99.00	533.3									
	2018	1	28	0	30	4.20	232.2	20.2	-1.39	99.10	533.3									
	2018	1	28	0	45	5.48	234.1	17.2	-1.49	99.20	533.3									
	2018	1	28	1	0	4.60	242.7	13.5	-1.41	99.40	532.8									
	2018	1	28	14	15	1.19	229.6	5.1	0.20	100.00	-999.9									
	2018	1	28	14	30	1.73	213.4	31.8	0.21	100.00	-999.9									
	2018	1	28	14	45	2.26	184.4	41.4	0.18	100.00	-999.9									
	2018	1	28	15	0	2.83	190.6	30.8	0.19	100.00	531.9									
	2018	1	28	15	15	3.87	216.0	20.3	0.20	100.00	531.9									
	2018	1	28	15	30	3.99	235.8	14.5	0.23	100.00	531.9									
	2018	1	28	15	45	3.52	232.5	13.6	0.24	100.00	531.9									
	2018	1	28	16	0	4.25	229.6	15.3	0.24	100.00	531.8									
	2018	1	28	16	15	3.60	258.0	24.7	0.21	100.00	531.8									
	2018	1	28	16	30	3.98	247.4	17.2	0.14	100.00	531.8									
	2018	1	28	16	45	4.81	216.9	17.2	0.04	100.00	531.8									
	2018	1	28	17	0	3.89	229.3	11.4	-0.18	100.00	531.7									
	2018	1	28	17	15	4.14	219.7	14.6	-0.36	100.00	531.7									
	2018	1	28	17	30	4.36	226.4	10.5	-0.50	100.00	531.7									
	2018	1	28	17	45	3.98	234.3	9.7	-0.62	100.00	531.7									
	2018	1	29	11	45	3.30	259.1	15.4	1.04	95.10	-999.9									
	2018	1	29	12	0	3.30	267.7	12.2	1.51	94.50	533.4									
	2018	1	29	12	15	3.35	263.2	13.3	1.57	95.10	533.4									
	2018	1	29	12	30	2.27	270.4	15.9	1.89	94.50	533.4									
	2018	1	29	12	45	2.09	276.6	16.9	1.32	96.40	533.4									
	2018	1	29	13	0	2.44	262.3	13.8	1.63	96.30	533.1									
	2018	1	29	13	15	2.15	269.1	19.2	1.86	95.50	533.1									
	2018	1	29	13	30	2.37	274.6	24.4	1.94	95.50	533.1									
	2018	1	29	13	45	2.56	277.7	44.1	1.26	96.60	533.1									
	2018	1	29	14	0	2.76	274.2	27.6	1.33	97.80	532.8									
	2018	1	29	14	15	3.75	260.6	29.2	1.87	95.60	532.8									
	2018	1	29	14	30	4.30	279.9	35.1	1.54	95.10	532.8									
	2018	1	29	14	45	4.85	275.2	18.5	1.51	94.80	532.8									
	2018	1	29	15	0	5.54	285.1	19.1	0.78	96.20	532.2									
	2018	1	29	15	15	5.55	280.4	21.5	0.76	99.40	532.2									
	2018	1	29	15	30	5.54	277.3	29.5	1.12	99.60	532.2									
	2018	1	29	15	45	5.30	279.8	27.3	0.59	99.90	532.2									
	2018	1	29	16	0	6.25	265.6	14.7	0.87	99.90	531.7									
	2018	1	29	16	15	6.51	278.1	25.8	0.47	99.80	531.7									
	2018	1	29	16	30	7.16	264.6	20.3	0.19	99.00	531.7									
	2018	1	29	16	45	7.49	271.7	16.1	0.18	98.00	531.7									
	2018	1	29	17	0	6.19	268.4	20.6	0.19	97.30	531.9									
	2018	1	29	17	15	6.36	273.6	14.2	0.08	96.70	531.9									
	2018	1	29	17	30	6.68	267.1	20.2	-0.07	96.10	531.9									
	2018	1	29	17	45	6.34	264.5	18.0	-0.24	94.20	531.9									
	2018	1	29	18	0	4.63	271.8	25.6	-0.38	96.50	531.9									
	2018	1	29	18	15	5.39	265.6	16.4	-0.59	97.60	531.9									
	2018	1	29	18	30	4.58	252.4	20.4	-0.42	98.30	531.9									
	2018	1	29	18	45	5.62	264.3	21.7	-0.55	98.60	531.9									
	2018	1	29	19	0	5.83	263.4	24.2	-0.68	98.90	532.3									
	2018	1	29	19	15	4.88	263.0	18.7	-0.72	99.30	532.3									
	2018	1	30	9	45	0.41	231.2	6.8	4.31	73.66	-999.9									
	2018	1	30	10	0	0.41	249.7	12.3	5.97	64.19	533.8									
	2018	1	30	10	15	1.43	264.9	32.3	2.30	79.66	533.8									
	2018	1	30	10	30	1.50	258.4	45.7	1.50	87.80	533.8									
	2018	1	30	10	45	2.55	269.3	18.2	3.55	76.95	533.8									
	2018	1	30	11	0	3.25	269.5	23.8	0.68	90.70	533.8									
	2018	1	30	11	15	4.57	266.9	17.0	0.81	93.30	533.8									
	2018	1	30	11	30	4.36	254.5	11.9	2.84	80.90	533.8									
	2018	1	30	11	45	4.38	258.3	12.6	2.90	78.87	533.8									
	2018	1	30	12	0	2.76	253.7	30.5	1.57	88.80	533.8									
	2018	1	30	12	15	2.92	290.8	20.1	2.48	83.10	533.8									
	2018	1	30	12	30	3.94	256.4	22.7	0.77	94.10	533.8									
	2018	1	30	12	45	3.10	275.7	19.7	0.67	96.00	533.8									
	2018	1	30	13	0	3.01	281.9	29.6	1.38	92.60	533.7									
	2018	1	30	13	15	3.15	263.6	30.9	4.26	75.49	533.7									
	2018	1	30	13	30	2.48	239.4	13.9	4.34	75.78	533.7									
	2018	1	30	13	45	2.93	243.7	32.7	3.50	79.58	533.7									
	2018	1	30	14	0	2.96	244.3	15.3	2.26	88.00	533.2									
	2018	1	30	14	15	2.64	248.9	25.7	2.27	88.80	533.2									
	2018	1	30	14	30	2.69	251.5	31.2	2.55	88.00	533.2									
	2018	1	30	14	45	3.79	264.1	36.8	2.42	87.80	533.2									
	2018	1	30	15	0	3.81	276.0	28.6	2.09	88.50	532.8									
	2018	1	30	15	15	3.29	245.0	43.7	1.92	89.10	532.8									
	2018	1	30	15	30	3.99	268.6	39.5	1.14	95.70	532.8									
	2018	1	30	15	45	4.50	276.4	32.4	0.97	98.70	532.8									
	2018	1	30	16	0	4.31	278.6	20.5	1.19	99.60	532.2									
	2018	1	30	16	15	5.16	249.5	28.0	0.66	100.00	532.2									
	2018	1	30	16	30	5.62	263.8	29.8	0.25	100.00	532.2									
	2018	1	30	16	45	5.07	255.1	22.8	0.21	100.00	532.2									
	2018	1	30	17	0	5.61	262.5	22.1	0.35	100.00	532.0									
	2018	1	30	17	15	5.14	268.7	19.8	0.32	100.00	532.0									
	2018	1	30	17	30	5.08	272.7	18.6	0.31	100.00	532.0									
	2018	1	30	17	45	4.39	273.8	17.8	0.44	100.00	532.0									
	2018	1	30	18	0	5.67	279.3	13.5	0.22	100.00	532.0									
	2018	1	30	18	15	5.95	273.4	14.4	0.12	100.00	532.0									
	2018	1	30	18	30	3.18	253.8	18.2	0.51	99.50	532.0									
	2018	1	30	18	45	4.44	272.7	18.3	0.43	98.80	532.0									
	2018	1	30	19	0	3.84	271.5	10.6	0.03	98.20	532.5									
	2018	1	30	19	15	1.98	270.8	18.7	-0.05	98.80	532.5									
	2018	1	31	7	45	2.54	221.4	7.9	-1.24	100.00	-999.9									
	2018	1	31	8	0	2.01	208.3	21.5	-1.16	100.00	534.1									
	2018	1	31	8	30	1.07	250.0	25.7	-1.13	100.00	-999.9									
	2018	1	31	8	45	0.75	269.4	39.2	-0.69	100.00	-999.9									
	2018	1	31	9	0	0.78	271.2	15.6	-0.77	100.00	534.5									
	2018	1	31	9	15	1.02	285.5	21.2	-0.57	100.00	534.5									
	2018	1	31	9	30	0.83	357.9	25.3	-0.37	100.00	534.5									
	2018	1	31	9	45	0.73	265.4	35.4	-0.21	99.80	534.5									
	2018	1	31	10	0	0.87	286.4	26.3	-0.18	99.70	534.7									
	2018	1	31	10	15	1.12	295.4	31.3	-0.18	99.60	534.7									
	2018	1	31	10	30	0.99	354.8	30.0	-0.20	99.60	534.7									
	2018	1	31	10	45	1.12	331.7	41.9	-0.08	98.60	534.7									
	2018	1	31	11	0	0.99	311.8	25.0	0.34	97.60	535.0									
	2018	1	31	11	15	2.43	273.1	18.4	0.59	97.10	535.0									
	2018	1	31	11	30	1.37	279.0	30.4	0.79	96.90	535.0									
	2018	1	31	11	45	1.28	238.8	16.8	1.17	94.90	535.0									
	2018	1	31	12	0	1.19	249.7	36.2	1.10	95.20	534.8									
	2018	1	31	12	15	0.84	250.0	37.6	1.45	96.20	534.8									
	2018	1	31	12	30	1.12	299.0	30.7	1.25	97.40	534.8									
	2018	1	31	12	45	1.98	296.3	25.1	1.28	97.70	534.8									
	2018	1	31	13	0	2.44	283.4	20.3	1.41	98.30	534.6									
	2018	1	31	13	15	1.83	280.0	27.8	1.01	99.60	534.6									
	2018	1	31	13	30	2.23	332.1	20.7	0.98	100.00	534.6									
	2018	1	31	13	45	2.98	334.1	13.5	0.18	100.00	534.6									
	2018	1	31	14	0	2.58	301.8	21.6	0.01	100.00	534.4									
	2018	1	31	14	15	4.07	278.3	15.4	-0.44	100.00	534.4									
	2018	1	31	14	30	5.40	261.1	16.9	-0.75	98.80	534.4									
	2018	1	31	14	45	4.49	246.7	13.7	-0.58	97.10	534.4									
	2018	1	31	15	0	5.88	249.9	14.9	-0.54	98.30	533.8									
	2018	1	31	15	15	2.79	288.2	38.4	-0.17	98.00	533.8									
	2018	1	31	15	30	2.29	348.6	27.2	0.32	98.20	533.8									
	2018	1	31	15	45	1.66	315.1	33.5	0.36	97.70	533.8									
	2018	1	31	16	0	3.04	275.5	12.8	0.78	94.50	533.5									
	2018	1	31	16	15	4.40	258.1	11.1	0.79	95.00	533.5									
	2018	1	31	16	30	3.39	259.8	26.8	0.84	94.50	533.5									
	2018	1	31	16	45	4.30	268.9	10.9	1.01	93.60	533.5									
	2018	1	31	17	0	3.73	276.9	11.4	1.82	91.80	533.5									
	2018	1	31	17	15	3.32	276.0	26.6	1.68	95.40	533.5									
	2018	1	31	17	30	2.72	287.5	12.8	1.19	97.70	533.5									
	2018	1	31	17	45	1.66	273.4	23.9	1.03	98.30	533.5									
	2018	1	31	18	0	1.97	253.6	17.5	1.72	93.30	533.5									
	2018	1	31	18	15	3.52	238.7	16.5	1.75	87.90	533.5									
	2018	1	31	18	30	3.48	235.6	14.0	1.63	89.90	533.5									
	2018	1	31	18	45	3.24	238.0	8.3	1.43	89.60	533.5									
	2018	1	31	19	0	6.17	219.0	10.1	-0.28	98.10	533.7									
	2018	1	31	19	15	6.43	211.1	8.9	-0.78	99.80	533.7									
	2018	1	31	19	30	5.67	233.1	14.1	-0.69	99.10	533.7									
	2018	1	31	19	45	4.18	235.6	13.7	-0.62	97.10	533.7									
